,index,TimeBin,Mean,MeanError,SD,SDError,Var,VarError,Npoints,RMS,RMSError
0,0,5.596906821882588,0.00685209034486931,0.0021703793742879262,29.52180517286708,0.0015346899733064087,871.5369806647216,0.09061363678540876,185018226.0,29.52180517286708,0.0015346899733064087
1,10,6.227570384230825,-0.1170370856299261,0.007897056397977274,30.585073099259223,0.005584062130422342,935.4466964870302,0.34157789689954504,14999907.0,30.585073099259223,0.005584062130422342
2,20,6.858233946579061,-0.13575780054418782,0.008653049969988212,30.998843505134396,0.006118630311724716,960.9282986558129,0.3793409269978523,12833720.0,30.998843505134396,0.006118630311724716
3,30,7.488897508927296,-0.171302283991324,0.00961733048197891,31.507083620861593,0.006800479600719376,992.696318291965,0.42852655888365765,10732659.0,31.507083620861593,0.006800479600719376
4,40,8.119561071275532,-0.16486074856143293,0.010679631396140449,32.06192009920222,0.007551639780783667,1027.966720447627,0.4842401425388858,9012941.0,32.06192009920222,0.007551639780783667
5,50,8.750224633623768,-0.14361408060942313,0.011672712714127466,32.57517637597417,0.00825385431500196,1061.1421159258261,0.5377415201855688,7788072.0,32.57517637597417,0.00825385431500196
6,60,9.380888195972004,-0.09940659359888979,0.012370226287324603,32.92945408436578,0.008747070892579319,1084.3489462943544,0.5760725386597663,7086206.0,32.92945408436578,0.008747070892579319
7,70,10.01155175832024,-0.017391528311841497,0.012639455220295482,33.04050299024787,0.008937444496774643,1091.6748378485788,0.590595323241714,6833396.0,33.04050299024787,0.008937444496774643
8,80,10.642215320668475,0.059112016730591674,0.012732981451131773,33.06550332870849,0.009003577528817803,1093.3275103808319,0.59541564549882,6743573.0,33.06550332870849,0.009003577528817803
9,90,11.27287888301671,0.13464987893288888,0.012801381156658647,33.07729750990296,0.009051943424427018,1094.1076105586326,0.5988276513851645,6676462.0,33.07729750990296,0.009051943424427018
10,100,11.903542445364947,0.24966420581591642,0.012868010076232329,33.07349207291633,0.009099057185280703,1093.8558778972595,0.6018751913767875,6605981.0,33.07349207291633,0.009099057185280703
11,110,12.534206007713182,0.32735389569445006,0.012930631803087076,33.07298967356979,0.009143337432989306,1093.8226459480543,0.6047950090064389,6541953.0,33.07298967356979,0.009143337432989306
12,120,13.164869570061418,0.3892863732065356,0.01300202818637228,33.09020260510773,0.009193822299762466,1094.9615084470784,0.6084508852289949,6477041.0,33.09020260510773,0.009193822299762466
13,130,13.795533132409654,0.4684413186122363,0.013071897879938751,33.10482849438033,0.009243227633882745,1095.9296696423357,0.6119909311084104,6413652.0,33.10482849438033,0.009243227633882745
14,140,14.42619669475789,0.5386031286647066,0.01314181934516319,33.11482408204537,0.009292669576093445,1096.591573984812,0.6154502365298191,6349418.0,33.11482408204537,0.009292669576093445
15,150,15.056860257106125,0.5729579610344514,0.013203697582643736,33.10461644519547,0.00933642409742381,1095.9156299835063,0.6181574774297911,6286168.0,33.10461644519547,0.00933642409742381
16,160,15.687523819454361,0.621541645899479,0.01327162499516218,33.10400086298603,0.009384456031444057,1095.8748731365795,0.6213260811271569,6221753.0,33.10400086298603,0.009384456031444057
17,170,16.318187381802595,0.6807217962048367,0.013341616596051344,33.10011788195414,0.00943394756705889,1095.6178037992604,0.6245295531236474,6155200.0,33.10011788195414,0.00943394756705889
18,180,16.94885094415083,0.7005427892156467,0.013409421222078896,33.097744001157494,0.00948189267791879,1095.460657966157,0.6276585130004116,6092236.0,33.097744001157494,0.00948189267791879
19,190,17.579514506499066,0.7610287911329712,0.013478942324347648,33.11302384719742,0.009531051520768585,1096.4723483050645,0.6312038725921547,6035122.0,33.11302384719742,0.009531051520768585
20,200,18.210178068847302,0.7527163406611145,0.013550210062397768,33.10643270940463,0.009581445421623654,1096.0358867423365,0.6344149562196331,5969428.0,33.10643270940463,0.009581445421623654
21,210,18.840841631195538,0.7935631040363876,0.013618664790910303,33.10831577849587,0.009629850224359152,1096.1605736885986,0.6376562442554041,5910240.0,33.10831577849587,0.009629850224359152
22,220,19.471505193543774,0.8247169901297134,0.013686035299448894,33.103775279311776,0.009677488367798772,1095.8599377431733,0.6407228003915285,5850591.0,33.103775279311776,0.009677488367798772
23,230,20.10216875589201,0.84026362576576,0.013757246950054558,33.11114419053254,0.009727842608841528,1096.3478696062366,0.6441999985683161,5792757.0,33.11114419053254,0.009727842608841528
24,240,20.732832318240245,0.8699125029762681,0.013839456214355608,33.12418842223652,0.009785973337105156,1097.211858631828,0.6483048494265079,5728652.0,33.12418842223652,0.009785973337105156
25,250,21.36349588058848,0.8510845976278872,0.0139039608945105,33.1172852035238,0.009831585033860949,1096.7545792515366,0.6511908111381386,5673256.0,33.1172852035238,0.009831585033860949
26,260,21.99415944293672,0.8618384442766348,0.013965551986820209,33.10028504529395,0.009875136512893833,1095.6288700797104,0.653739666875952,5617554.0,33.10028504529395,0.009875136512893833
27,270,22.624823005284956,0.8738273893866892,0.014041245678344054,33.10809611745649,0.009928660035463383,1096.1460285227374,0.6574380615433414,5559774.0,33.10809611745649,0.009928660035463383
28,280,23.25548656763319,0.903542812592379,0.014100919863813932,33.10048799508437,0.00997085605667092,1095.6423055127245,0.6600804024091002,5510283.0,33.10048799508437,0.00997085605667092
29,290,23.886150129981427,0.9479535308158732,0.014174485563782323,33.09948464283799,0.010022874861981303,1095.5758836214682,0.6635039851424742,5452904.0,33.09948464283799,0.010022874861981303
30,300,24.516813692329663,0.9389386612039524,0.014247605116696984,33.10546864201092,0.01007457819368459,1095.972054007168,0.6670472649450243,5399030.0,33.10546864201092,0.01007457819368459
31,310,25.1474772546779,0.9708756364771505,0.014327938893378014,33.119795488817026,0.010131382751934074,1096.9208532210648,0.6710986495259696,5343279.0,33.119795488817026,0.010131382751934074
32,320,25.778140817026134,0.9686683078764465,0.01438680477577972,33.10108339158708,0.010173007216560849,1095.6817216968022,0.6734751204371957,5293656.0,33.10108339158708,0.010173007216560849
33,330,26.40880437937437,0.9564153650759494,0.014458332662015511,33.101281420092704,0.010223585069962116,1095.6948316521746,0.6768275330461483,5241471.0,33.101281420092704,0.010223585069962116
34,340,27.039467941722606,0.9525844630015642,0.014538360716537078,33.116024261328036,0.010280173449999482,1096.671062876867,0.6808769467616863,5188544.0,33.116024261328036,0.010280173449999482
35,350,27.67013150407084,0.984762434054867,0.01459663445656341,33.0894177576385,0.010321379206737202,1094.9095675395222,0.6830568568134614,5138931.0,33.0894177576385,0.010321379206737202
36,360,28.300795066419077,0.9947391889723872,0.0146775379410756,33.101958163440116,0.010378586609257395,1095.7396342541397,0.6871030794705562,5086288.0,33.101958163440116,0.010378586609257395
37,370,28.931458628767313,1.0015806606750175,0.01474469430641028,33.08901918835769,0.01042607333058539,1094.8831908475036,0.6899770809899287,5036122.0,33.08901918835769,0.01042607333058539
38,380,29.56212219111555,0.9839128137289016,0.014828616337034825,33.106817953581725,0.010485415167530947,1096.0613950116012,0.6942774622383434,4984638.0,33.106817953581725,0.010485415167530947
39,390,30.192785753463784,0.9843784711519387,0.014902245573943507,33.10318765900944,0.01053747890024267,1095.821033187595,0.6976482829751711,4934421.0,33.10318765900944,0.01053747890024267
40,400,30.82344931581202,1.0081468659097113,0.0149704334403548,33.10522738746677,0.010585695002976736,1095.95608037588,0.7008836802558311,4890175.0,33.10522738746677,0.010585695002976736
41,410,31.454112878160256,0.9670685241412117,0.015050001276565882,33.1015737348023,0.010641957959525931,1095.7141837205534,0.7045311121598276,4837536.0,33.1015737348023,0.010641957959525931
42,420,32.08477644050849,1.0100591545640898,0.015115983606675952,33.09634858976607,0.010688614512585251,1095.3682899753107,0.7075082237003082,4793882.0,33.09634858976607,0.010688614512585251
43,430,32.71544000285673,1.0190819068254302,0.015194807289965,33.10369674497074,0.010744351273557039,1095.854738182986,0.7113554925625447,4746381.0,33.10369674497074,0.010744351273557039
44,440,33.34610356520496,0.992789629149705,0.015273701296828495,33.09581287936913,0.010800137760805194,1095.3328301462154,0.7148786768060348,4695237.0,33.09581287936913,0.010800137760805194
45,450,33.9767671275532,1.0038719365875513,0.015348904760312664,33.1006382037412,0.010853314639803565,1095.652249494971,0.7185032824070109,4650696.0,33.1006382037412,0.010853314639803565
46,460,34.607430689901435,1.000531053263597,0.01542661783082775,33.10776820909504,0.010908266078951607,1096.1243157871643,0.7222966898101277,4605941.0,33.10776820909504,0.010908266078951607
47,470,35.238094252249674,0.9938613214477969,0.0154974504081643,33.10793348468424,0.010958352274715205,1096.1352596262757,0.7256167964260183,4563979.0,33.10793348468424,0.010958352274715205
48,480,35.868757814597906,1.0132543454202245,0.015584684269627109,33.119320515490685,0.011020035929704644,1096.8893914078023,0.7299522040962231,4516134.0,33.119320515490685,0.011020035929704644
49,490,36.499421376946145,1.022234628474497,0.015650030161468535,33.09107747990316,0.011066242452948403,1095.0194087809543,0.7323877728438185,4470864.0,33.09107747990316,0.011066242452948403
50,500,37.13008493929438,1.0315422906038283,0.01574028022062068,33.10797610514103,0.01113005888177737,1096.1380817785891,0.7369874470133956,4424257.0,33.10797610514103,0.01113005888177737
51,510,37.76074850164262,0.9780928736219444,0.015809342790517798,33.102910268333716,0.01117889349327779,1095.8026682333536,0.7401078164144687,4384345.0,33.102910268333716,0.01117889349327779
52,520,38.39141206399085,1.0236739148326104,0.01588025441683105,33.07436900170349,0.011229035585108859,1093.9138848608447,0.7427865329502997,4337787.0,33.07436900170349,0.011229035585108859
53,530,39.02207562633909,1.0318505021434672,0.015962852361297672,33.09692939229942,0.011287441151753275,1095.4067351988533,0.747159285638626,4298871.0,33.09692939229942,0.011287441151753275
54,540,39.65273918868732,1.0281982575488027,0.016045109921551334,33.10816192056338,0.011345606030412502,1096.1503857582431,0.7512643230836349,4257795.0,33.10816192056338,0.011345606030412502
55,550,40.28340275103556,1.0425117051303288,0.01611982957632392,33.09907809550785,0.011398440804990114,1095.5489707725276,0.7545557647427823,4216100.0,33.09907809550785,0.011398440804990114
56,560,40.91406631338379,1.0293908908659517,0.016209502505489803,33.11699347380309,0.011461849141292174,1096.7352567439164,0.7591639664197769,4174096.0,33.11699347380309,0.011461849141292174
57,570,41.54472987573203,1.0281932252689667,0.016284079950271937,33.111229071690516,0.011514583358221184,1096.3534906379632,0.7625240144782741,4134511.0,33.111229071690516,0.011514583358221184
58,580,42.17539343808026,1.0102808261975327,0.01636455788321495,33.097875599116385,0.011571489850341066,1095.469369174584,0.765983463126053,4090644.0,33.097875599116385,0.011571489850341066
59,590,42.8060570004285,0.9958144971719886,0.016436786102417836,33.08494364128384,0.011622562913932453,1094.6134957469283,0.7690636779494618,4051604.0,33.08494364128384,0.011622562913932453
60,600,43.436720562776735,0.9835386549339995,0.016530628145663865,33.09975024522503,0.011688919259072124,1095.5934662962745,0.7738006162237762,4009320.0,33.09975024522503,0.011688919259072124
61,610,44.067384125124974,1.0069665951791344,0.016624796629447446,33.12240721256897,0.01175550643252955,1097.093859555241,0.7787413420964353,3969457.0,33.12240721256897,0.01175550643252955
62,620,44.698047687473206,1.0164930151975313,0.01669421260219046,33.10265777351011,0.011804590937578793,1095.7859516701294,0.7815266679258993,3931822.0,33.10265777351011,0.011804590937578793
63,630,45.328711249821446,0.9911274327372055,0.01676625765457485,33.10581956049274,0.011855534482670738,1095.9952887719037,0.784974370752994,3898849.0,33.10581956049274,0.011855534482670738
64,640,45.95937481216968,1.0100606561317744,0.016851142293955273,33.091494769810495,0.011915556986795209,1095.0470261003954,0.7886071834158251,3856329.0,33.091494769810495,0.011915556986795209
65,650,46.59003837451792,0.9902504716558285,0.016943656691556827,33.095615708366765,0.011980974544696656,1095.3197791158932,0.7930354586860101,3815282.0,33.095615708366765,0.011980974544696656
66,660,47.22070193686615,1.0006945166026375,0.017020770734149017,33.101784701533575,0.012035502407138302,1095.7281504266823,0.7967932189117622,3782199.0,33.101784701533575,0.012035502407138302
67,670,47.85136549921439,0.9929221793118106,0.01712664586361291,33.12520447253703,0.012110367429141221,1097.279171347387,0.802316794655711,3740869.0,33.12520447253703,0.012110367429141221
68,680,48.48202906156262,0.9894802785574838,0.017195012594590164,33.10441414818953,0.012158710008222795,1095.9022360948509,0.8050139432398886,3706524.0,33.10441414818953,0.012158710008222795
69,690,49.11269262391086,1.000990859806038,0.01728613412473143,33.115216376248604,0.012223142660097781,1096.6175556457636,0.8095440279737859,3669944.0,33.115216376248604,0.012223142660097781
70,700,49.74335618625909,1.0295314902266721,0.017363338504468133,33.102502439838496,0.012277734400546903,1095.7756677795137,0.8128474658995859,3634588.0,33.102502439838496,0.012277734400546903
71,710,50.37401974860733,1.0223548850068291,0.017435065787461818,33.09427633100448,0.012328453248747824,1095.2311258728835,0.8160024770958607,3602953.0,33.09427633100448,0.012328453248747824
72,720,51.00468331095556,0.9962186683043507,0.017535450312212278,33.098672265850475,0.012399435826925062,1095.5221057621793,0.8208097254336745,3562766.0,33.098672265850475,0.012399435826925062
73,730,51.6353468733038,0.9991440928131432,0.017609140695863796,33.090307061317304,0.012451542796913292,1094.9684214122658,0.824050749073989,3531224.0,33.090307061317304,0.012451542796913292
74,740,52.266010435652035,0.9891221129512798,0.017699964242750672,33.09611237773555,0.01251576474280842,1095.3526545197003,0.8284463128425757,3496304.0,33.09611237773555,0.01251576474280842
75,750,52.896673998000274,0.9907760424564064,0.01778783011754013,33.098630506309604,0.012577895298706931,1095.5193413932086,0.8326222180778987,3462375.0,33.098630506309604,0.012577895298706931
76,760,53.527337560348506,1.002034226473134,0.01787748850893951,33.09676496557864,0.012641293355255708,1095.3958511867538,0.8367718300796584,3427347.0,33.09676496557864,0.012641293355255708
77,770,54.158001122696746,1.024473288813461,0.017973163975386695,33.09696047056554,0.012708946126373697,1095.408792390178,0.8412549751342745,3390995.0,33.09696047056554,0.012708946126373697
78,780,54.78866468504498,1.0143087763461047,0.01804675038855664,33.09183562364147,0.012760979578129359,1095.0695849421068,0.8445684771922048,3362356.0,33.09183562364147,0.012760979578129359
79,790,55.41932824739322,0.9997921746166218,0.018150374684778967,33.10077516395715,0.012834253020683853,1095.6613164548428,0.8496474472699883,3325869.0,33.10077516395715,0.012834253020683853
80,800,56.04999180974145,1.0002426200538455,0.01823885293776965,33.110868076516454,0.012896816593361102,1096.3295847804764,0.8540495856596155,3295688.0,33.110868076516454,0.012896816593361102
81,810,56.68065537208969,1.0045646320929722,0.018311738573031228,33.09257451741414,0.012948354520305655,1095.118488190608,0.8569887736822223,3265893.0,33.09257451741414,0.012948354520305655
82,820,57.31131893443793,1.0114834979514034,0.01839865032683159,33.09026288770969,0.013009810410782705,1094.9654979777376,0.8609960932241243,3234659.0,33.09026288770969,0.013009810410782705
83,830,57.94198249678616,1.029440386481999,0.01849137070019072,33.083418740695215,0.013075373615539098,1094.5125955721837,0.865156121027836,3200977.0,33.083418740695215,0.013075373615539098
84,840,58.5726460591344,0.994638749188654,0.018593726677880815,33.108729244715306,0.013147750221458742,1096.1879521998667,0.8706106045188463,3170678.0,33.108729244715306,0.013147750221458742
85,850,59.20330962148263,1.0402179593206697,0.018682584933783386,33.1067793077761,0.013210582496771858,1096.058836133792,0.8747196784955915,3140219.0,33.1067793077761,0.013210582496771858
86,860,59.83397318383087,1.003549580818205,0.01876868440771096,33.08934497567764,0.013271464018642638,1094.904750919403,0.8782881024903187,3108198.0,33.08934497567764,0.013271464018642638
87,870,60.4646367461791,1.0027864527026475,0.018868980962110905,33.091238322401374,0.013342384392388485,1095.0300537099654,0.8830320434352316,3075595.0,33.091238322401374,0.013342384392388485
88,880,61.09530030852734,1.016396703767612,0.01896678456104467,33.09850637086164,0.013411541980419,1095.511123981969,0.8878040153639533,3045295.0,33.09850637086164,0.013411541980419
89,890,61.725963870875574,0.9821651695871146,0.019037450544798433,33.076193844184765,0.013461510376730506,1094.034599218086,0.8905110533124857,3018655.0,33.076193844184765,0.013461510376730506
90,900,62.356627433223814,0.9947913087668036,0.01913684918065022,33.08561990450516,0.013531795826181994,1094.6582444653877,0.8954157066608536,2989081.0,33.08561990450516,0.013531795826181994
91,910,62.987290995572046,1.017050935076781,0.01923766057938434,33.095765887277665,0.013603080249847792,1095.3297196654921,0.9004087185896263,2959650.0,33.095765887277665,0.013603080249847792
92,920,63.617954557920285,0.992240543956515,0.01933433070640471,33.09387416940133,0.013671436352202063,1095.2045075401686,0.9048815887095083,2929793.0,33.09387416940133,0.013671436352202063
93,930,64.24861812026852,1.005951994066895,0.01941377069464892,33.07005203996217,0.01372760890658692,1093.628341925806,0.9079454818501552,2901683.0,33.07005203996217,0.01372760890658692
94,940,64.87928168261676,1.0324740631083735,0.019514687378191273,33.08852639100273,0.013798967777854578,1094.8505787280842,0.913175018972275,2874959.0,33.08852639100273,0.013798967777854578
95,950,65.509945244965,0.9859368382810368,0.01964042157608038,33.1021986566541,0.013887875281809016,1095.7555559045927,0.9194384129945563,2840613.0,33.1021986566541,0.013887875281809016
96,960,66.14060880731323,0.9950500162739662,0.01971656994263721,33.094384518860444,0.01394172030817763,1095.23828668219,0.9227853054664721,2817383.0,33.094384518860444,0.01394172030817763
97,970,66.77127236966146,1.0043016365794741,0.01980589828155037,33.07745709667171,0.014004884982375254,1094.1181679821577,0.9264919642966789,2789171.0,33.07745709667171,0.014004884982375254
98,980,67.4019359320097,1.0211506613520913,0.019908348020863765,33.07847360598645,0.014077327887774549,1094.1854161019423,0.9313130379571348,2760708.0,33.07847360598645,0.014077327887774549
99,990,68.03259949435794,0.992415706208044,0.019987114576197066,33.05894731633031,0.014133024253181433,1092.8939976639033,0.9344458084126872,2735759.0,33.05894731633031,0.014133024253181433
100,1000,68.66326305670617,1.0212288595810715,0.020102480605900974,33.07392656900009,0.014214600355103635,1093.8846186916103,0.9402652967047604,2706900.0,33.07392656900009,0.014214600355103635
101,1010,69.2939266190544,1.0206831000626746,0.02020623534572722,33.08347605303083,0.014287966035215018,1094.5163877514644,0.9453911643451078,2680720.0,33.08347605303083,0.014287966035215018
102,1020,69.92459018140264,1.0106579248246332,0.020312229331949636,33.09405768031298,0.014362915101637886,1095.2166537478824,0.9506542816620851,2654513.0,33.09405768031298,0.014362915101637886
103,1030,70.55525374375088,0.9936293993991608,0.0204107663939216,33.083825036410545,0.014432591326356459,1094.539479039825,0.954970652526387,2627319.0,33.083825036410545,0.014432591326356459
104,1040,71.18591730609911,1.0159495414729653,0.020499328379559346,33.07329520667745,0.014495214106956254,1093.8428558280339,0.9588089904867193,2603009.0,33.07329520667745,0.014495214106956254
105,1050,71.81658086844735,1.0227088302755407,0.020626763456402013,33.101508407017036,0.014585324313952732,1095.7098588198198,0.9655924707947527,2575333.0,33.101508407017036,0.014585324313952732
106,1060,72.44724443079558,1.0230971699600766,0.020694448213559476,33.08367916236902,0.014633184664721742,1094.5298269185705,0.9682391731427054,2555759.0,33.08367916236902,0.014633184664721742
107,1070,73.07790799314382,1.0291239445651754,0.02083670970169837,33.117982028077925,0.014733778727686444,1096.8007336120925,0.9759060382183931,2526210.0,33.117982028077925,0.014733778727686444
108,1080,73.70857155549206,1.0110794050968528,0.02093037306194425,33.09184650644274,0.014800008724865026,1095.0703052059669,0.9795192340344937,2499701.0,33.09184650644274,0.014800008724865026
109,1090,74.33923511784029,0.9917479108635049,0.021006266891197393,33.09009149942972,0.014853673766180131,1094.9541554406305,0.9830188480511587,2481408.0,33.09009149942972,0.014853673766180131
110,1100,74.96989868018852,0.9753677991643156,0.021123840598607932,33.08636128186195,0.014936810931979369,1094.7073028738935,0.988409445788669,2453309.0,33.08636128186195,0.014936810931979369
111,1110,75.60056224253677,1.0033840760704278,0.021249935219501925,33.105012119016294,0.015025973293484658,1095.9418274002155,0.9948700559616495,2427014.0,33.105012119016294,0.015025973293484658
112,1120,76.231225804885,1.0100229712507796,0.02135007526708382,33.09908303887712,0.015096783000198158,1095.5492980144832,0.9993793482869346,2403439.0,33.09908303887712,0.015096783000198158
113,1130,76.86188936723323,0.9722876566591007,0.021416210560933853,33.07812583710242,0.015143547714955281,1094.1624088951826,1.0018403538709113,2385594.0,33.07812583710242,0.015143547714955281
114,1140,77.49255292958146,0.9574480751674617,0.021553582734178452,33.09974233852151,0.01524068451020287,1095.5929428765132,1.0089254607008218,2358361.0,33.09974233852151,0.01524068451020287
115,1150,78.12321649192971,1.0020899894643953,0.021637328307350365,33.062942158485775,0.015299901572887086,1093.1581441753758,1.0117195214697825,2334940.0,33.062942158485775,0.015299901572887086
116,1160,78.75388005427794,1.0126803979262962,0.021758180544002442,33.08666007231081,0.01538535700894533,1094.7270747406467,1.0181001548922375,2312388.0,33.08666007231081,0.01538535700894533
117,1170,79.38454361662617,1.0250305179938235,0.021869877345471397,33.09839577935044,0.015464338574700877,1095.5038031665233,1.0236895972226514,2290452.0,33.09839577935044,0.015464338574700877
118,1180,80.0152071789744,1.0233520870014947,0.02198031291103874,33.100796822850086,0.015542428311997713,1095.6627503076024,1.0289335233782984,2267823.0,33.100796822850086,0.015542428311997713
119,1190,80.64587074132265,1.0261491622929082,0.022068388250050714,33.0925618101355,0.015604706981468389,1095.1176471576384,1.0327994606265911,2248638.0,33.0925618101355,0.015604706981468389
120,1200,81.27653430367089,0.995902087523239,0.022201187958591967,33.09471895715249,0.0156986105559175,1095.2604228529083,1.0390822087317544,2222107.0,33.09471895715249,0.0156986105559175
121,1210,81.90719786601912,1.002287357454556,0.02231011328362405,33.106411528750606,0.01577563239189064,1096.034484310991,1.0445491561844396,2202017.0,33.106411528750606,0.01577563239189064
122,1220,82.53786142836735,1.0023025576121256,0.02241329337621,33.08631814394941,0.01584859173504162,1094.7044483226362,1.0487430965583084,2179142.0,33.08631814394941,0.01584859173504162
123,1230,83.1685249907156,0.9633419906767268,0.02250181475944028,33.073848290301655,0.015911185805403762,1093.8794407298897,1.0524882908934503,2160401.0,33.073848290301655,0.015911185805403762
124,1240,83.79918855306383,0.9700444115435337,0.022641401783570575,33.09873261580781,0.016009888736731943,1095.5261007727397,1.0598140530118474,2137057.0,33.09873261580781,0.016009888736731943
125,1250,84.42985211541206,1.0007236533449413,0.02273369973259538,33.09056921731959,0.016075153242377,1094.9857711262189,1.0638719420917908,2118694.0,33.09056921731959,0.016075153242377
126,1260,85.0605156777603,0.9859639543059119,0.02285725586570394,33.08435203950908,0.016162520621955244,1094.5743498741685,1.069453044205185,2095063.0,33.08435203950908,0.016162520621955244
127,1270,85.69117924010854,1.0032826229792229,0.02295733400020597,33.089514955602304,0.01623328654951013,1094.9159999970286,1.0743031561171865,2077485.0,33.089514955602304,0.01623328654951013
128,1280,86.32184280245677,0.9656895379079741,0.02308136363122043,33.09160864071687,0.016320988742668522,1095.0545624303675,1.080175544203865,2055478.0,33.09160864071687,0.016320988742668522
129,1290,86.952506364805,0.9454225497339778,0.02316830944351302,33.06366965821269,0.016382468716136384,1093.2062512674142,1.0833290676326743,2036636.0,33.06366965821269,0.016382468716136384
130,1300,87.58316992715325,0.9745657279845706,0.02327976176752708,33.067809693739804,0.016461277410225725,1093.4800379413923,1.0886767774344046,2017687.0,33.067809693739804,0.016461277410225725
131,1310,88.21383348950148,0.9862422402115305,0.023410519713131954,33.06923809817238,0.016553737240256956,1093.5745083936154,1.0948389564252803,1995383.0,33.06923809817238,0.016553737240256956
132,1320,88.84449705184971,0.9727632780839085,0.023529621317295656,33.09440192702401,0.016637954792211303,1095.2394389074107,1.1012463262741923,1978241.0,33.09440192702401,0.016637954792211303
133,1330,89.47516061419795,0.9774141053812296,0.023635498458919886,33.071172555498926,0.016712821237026446,1093.7024541955852,1.1054251900378171,1957806.0,33.071172555498926,0.016712821237026446
134,1340,90.1058241765462,0.9774439405164113,0.02376227941047799,33.07146769736148,0.016802468907598463,1093.7219756576237,1.1113646154271262,1937005.0,33.07146769736148,0.016802468907598463
135,1350,90.73648773889443,0.9944995003005441,0.02387856306324869,33.07118916654392,0.016884693867013766,1093.7035528893316,1.1167938097903922,1918153.0,33.07118916654392,0.016884693867013766
136,1360,91.36715130124266,0.9606853764876065,0.024004379405389385,33.0880670601998,0.01697365945572554,1094.8201817802787,1.1232511646560819,1900036.0,33.0880670601998,0.01697365945572554
137,1370,91.99781486359089,0.9746903071602373,0.024121007219971013,33.085907321433034,0.017056127774291177,1094.6772632824561,1.1286349256054355,1881461.0,33.085907321433034,0.017056127774291177
138,1380,92.62847842593914,1.017559744621817,0.02421964600099855,33.067214932361644,0.01712587592524372,1093.440703383001,1.132610040249984,1864059.0,33.067214932361644,0.01712587592524372
139,1390,93.25914198828737,0.9936533873832862,0.02433094463052076,33.077263741797196,0.017204575940915647,1094.1053766444115,1.1381605919268911,1848167.0,33.077263741797196,0.017204575940915647
140,1400,93.8898055506356,0.9939470095631027,0.0244664740678726,33.10096032501813,0.017300409725117528,1095.673574438424,1.1453203518353463,1830368.0,33.10096032501813,0.017300409725117528
141,1410,94.52046911298383,0.9649902461804389,0.024561992933425383,33.059365830752874,0.017367951762681147,1092.9216691315505,1.1483469421066905,1811598.0,33.059365830752874,0.017367951762681147
142,1420,95.15113267533208,0.9900306070994386,0.02472826020344555,33.091189277642464,0.017485520476801783,1095.0268078087595,1.1572333354318818,1790761.0,33.091189277642464,0.017485520476801783
143,1430,95.78179623768031,0.9727516692991639,0.02482812357516695,33.0629047135006,0.01755613454413814,1093.1556680940203,1.160913607140471,1773349.0,33.0629047135006,0.01755613454413814
144,1440,96.41245980002854,1.0084950284337286,0.024945992943606998,33.07860299162461,0.01763948077385627,1094.1939758775163,1.1669787629935733,1758299.0,33.07860299162461,0.01763948077385627
145,1450,97.04312336237678,0.9833901847642794,0.02508348368294835,33.08379326671101,0.017736701407994895,1094.537376914473,1.1735947252309704,1739622.0,33.08379326671101,0.017736701407994895
146,1460,97.67378692472502,0.9846979582757912,0.025179192809463798,33.08342809107918,0.01780437798037541,1094.5132142576067,1.1780597172402867,1726384.0,33.08342809107918,0.01780437798037541
147,1470,98.30445048707325,0.9874172674261243,0.025329070453935638,33.09304850182321,0.017910357479129713,1095.1498591440234,1.1854166574836633,1707006.0,33.09304850182321,0.017910357479129713
148,1480,98.93511404942149,0.9978866673327947,0.025420786154920893,33.060287034041316,0.017975210273237664,1092.9825787732002,1.1885312222609707,1691357.0,33.060287034041316,0.017975210273237664
149,1490,99.56577761176972,0.956284710544597,0.025573999478831922,33.08867390630835,0.018083548453543284,1094.8603408780111,1.196721275696441,1674023.0,33.08867390630835,0.018083548453543284
150,1500,100.19644117411796,0.9579870166300779,0.02568855471744782,33.074041633081514,0.01816455123958903,1093.8922299468093,1.20155024788882,1657659.0,33.074041633081514,0.01816455123958903
151,1510,100.8271047364662,1.0055017960091546,0.02581649377284502,33.089545016371396,0.018255017813238992,1094.9179893904688,1.2081004674116664,1642809.0,33.089545016371396,0.018255017813238992
152,1520,101.45776829881443,1.0369023177921726,0.025944514400252312,33.07679358339289,0.018345542067010445,1094.074273758381,1.2136234162519106,1625383.0,33.07679358339289,0.018345542067010445
153,1530,102.08843186116266,0.9604268648317312,0.02604969437629071,33.05305901300647,0.01841991554131223,1092.5047101172884,1.2176691108031763,1609971.0,33.05305901300647,0.01841991554131223
154,1540,102.71909542351091,0.9706513691468582,0.026225975258176087,33.09480123372814,0.018544564948286928,1095.2658686999737,1.2274573818590355,1592415.0,33.09480123372814,0.018544564948286928
155,1550,103.34975898585914,1.0206029251881017,0.026351214628643253,33.086402920495544,0.0186331225564158,1094.7100582173764,1.2330060011370945,1576514.0,33.086402920495544,0.0186331225564158
156,1560,103.98042254820737,0.9773668158608341,0.026481794598013825,33.086912034499356,0.01872545653824486,1094.7437479786986,1.2391350665734973,1561053.0,33.086912034499356,0.01872545653824486
157,1570,104.6110861105556,0.9783119325647744,0.026608972783628972,33.081503081175214,0.01881538509571233,1094.385846109805,1.2448824400346112,1545661.0,33.081503081175214,0.01881538509571233
158,1580,105.24174967290385,0.989002902243744,0.026716191104120993,33.085400528819086,0.018891199897199673,1094.6437281523824,1.2500458301376745,1533641.0,33.085400528819086,0.018891199897199673
159,1590,105.87241323525208,1.0069038038959999,0.02686391881309986,33.0850400866409,0.018995659161987782,1094.6198775346354,1.2569442896930665,1516787.0,33.0850400866409,0.018995659161987782
160,1600,106.50307679760031,0.9813936226887138,0.02699518223104056,33.101300477577276,0.019088476414935378,1095.6960933068578,1.263706786939846,1503549.0,33.101300477577276,0.019088476414935378
161,1610,107.13374035994855,0.9784788348316119,0.02711867170100211,33.07336321219392,0.019175796656550316,1093.8473541657017,1.2684161754105245,1487373.0,33.07336321219392,0.019175796656550316
162,1620,107.7644039222968,0.9562407168068322,0.027246821202833543,33.06218474560662,0.019266412038300994,1093.108060152623,1.273979348390574,1472419.0,33.06218474560662,0.019266412038300994
163,1630,108.39506748464503,0.9494848940849608,0.027371562696700498,33.07308310527963,0.019354617594509665,1093.828826088733,1.2802337523482512,1459991.0,33.07308310527963,0.019354617594509665
164,1640,109.02573104699326,0.894331662055046,0.027524343363574733,33.05225563540483,0.019462649840090638,1092.4516025881505,1.2865689557140936,1442010.0,33.05225563540483,0.019462649840090638
165,1650,109.65639460934149,0.9821757171711784,0.02767812564808728,33.09048122526803,0.019571390336295822,1094.979947719816,1.295253448951178,1429331.0,33.09048122526803,0.019571390336295822
166,1660,110.28705817168974,0.9768665624696077,0.02777077556898241,33.08227952266415,0.019636903723637165,1094.437218415684,1.2992670758900184,1419106.0,33.08227952266415,0.019636903723637165
167,1670,110.91772173403797,0.9692597880953874,0.027931327407575982,33.08183635395768,0.019750431017438647,1094.4078965500357,1.3067610536780703,1402801.0,33.08183635395768,0.019750431017438647
168,1680,111.5483852963862,0.9810124732266562,0.02803691701947922,33.04284786071867,0.019825094148038278,1091.8297947466008,1.3101551395161057,1388975.0,33.04284786071867,0.019825094148038278
169,1690,112.17904885873445,0.9788735392517679,0.02818088755275166,33.062258771309395,0.019926896688406266,1093.1129550610249,1.3176564296424722,1376435.0,33.062258771309395,0.019926896688406266
170,1700,112.80971242108268,1.0163036837891641,0.028360246171014986,33.076571036509144,0.020053722383644515,1094.0595515332354,1.3266167459381024,1360257.0,33.076571036509144,0.020053722383644515
171,1710,113.44037598343091,0.9848504755055936,0.028444482557520627,33.05252545016955,0.020113286503765305,1092.4694386341055,1.3295898281045087,1350247.0,33.05252545016955,0.020113286503765305
172,1720,114.07103954577914,1.020461291574453,0.028627717608756344,33.0742948561272,0.020242853251045148,1093.9089802300423,1.3390361943087608,1334774.0,33.0742948561272,0.020242853251045148
173,1730,114.70170310812739,1.0197507347338661,0.028804122743604693,33.13010079308289,0.020367590518132538,1097.6035785598315,1.3495606535559406,1322928.0,33.13010079308289,0.020367590518132538
174,1740,115.33236667047562,0.9980280845329034,0.028921142494020724,33.10682652210308,0.020450335977184472,1096.061962364628,1.3540914510307396,1310401.0,33.10682652210308,0.020450335977184472
175,1750,115.96303023282385,0.9994654052865345,0.029090550780718472,33.11643309076204,0.020570125725497646,1096.6981406549187,1.3624183845140112,1295935.0,33.11643309076204,0.020570125725497646
176,1760,116.59369379517209,0.9796906315843513,0.029208552303108103,33.10108724068221,0.02065356540216969,1095.6819765152545,1.3673109404167092,1284294.0,33.10108724068221,0.02065356540216969
177,1770,117.22435735752033,0.973336962113337,0.029329122597078133,33.06938885518038,0.020738821474645557,1093.5844792551284,1.3716403034864384,1271318.0,33.06938885518038,0.020738821474645557
178,1780,117.85502091986856,0.9961964006868888,0.029489757610759327,33.08926896724397,0.02085240758211552,1094.8997207866148,1.3799818461984354,1259018.0,33.08926896724397,0.02085240758211552
179,1790,118.4856844822168,0.9807236948067898,0.02962074169650636,33.08992171248028,0.020945027317374767,1094.942918938074,1.386138628395384,1247957.0,33.08992171248028,0.020945027317374767
180,1800,119.11634804456503,0.9722358292512281,0.029761191825647258,33.06917076225372,0.021044340556108824,1093.5700549030962,1.3918377828579682,1234656.0,33.06917076225372,0.021044340556108824
181,1810,119.74701160691328,0.9331067161104272,0.02992331067716908,33.0948028306969,0.021158975895378077,1095.2659744027033,1.4005042707140116,1223208.0,33.0948028306969,0.021158975895378077
182,1820,120.37767516926151,0.9161431774439961,0.030100628165676532,33.10488926197603,0.021284358293924666,1095.9336930476957,1.409232648665194,1209576.0,33.10488926197603,0.021284358293924666
183,1830,121.00833873160974,0.9389752849904248,0.03021632030136581,33.09361697402652,0.021366164987600505,1095.1874844235763,1.4141673606070146,1199514.0,33.09361697402652,0.021366164987600505
184,1840,121.63900229395797,1.0140112060642574,0.030363553981123156,33.06652368488452,0.02147027492097598,1093.394988603029,1.4198947083908688,1185965.0,33.06652368488452,0.02147027492097598
185,1850,122.26966585630622,0.9961986242607865,0.030495330199931357,33.087897017544975,0.021563454778894372,1094.8089290436617,1.4269787421330902,1177258.0,33.087897017544975,0.021563454778894372
186,1860,122.90032941865445,0.9460274904876342,0.030643698745955895,33.05754958306409,0.021668367183903116,1092.8015844367405,1.432606245131832,1163748.0,33.05754958306409,0.021668367183903116
187,1870,123.53099298100268,0.970589858440226,0.030810760921235,33.075979682200035,0.021786497980922748,1094.0204319373095,1.4412195291265857,1152446.0,33.075979682200035,0.021786497980922748
188,1880,124.16165654335092,0.9528352287338219,0.030963689668019635,33.10790255383037,0.021894634934812522,1096.1332115139278,1.4497708797469262,1143294.0,33.10790255383037,0.021894634934812522
189,1890,124.79232010569916,0.9741040008698093,0.0310818782047402,33.059183035007244,0.02197820685058615,1092.9095829421105,1.4531631261095552,1131279.0,33.059183035007244,0.02197820685058615
190,1900,125.4229836680474,0.9443748393729173,0.03128783554802913,33.12091907383265,0.022123840684660917,1096.9952802953717,1.4655238738380412,1120608.0,33.12091907383265,0.022123840684660917
191,1910,126.05364723039563,0.896959717475258,0.03144448260878455,33.09486606826704,0.02223460688357402,1095.270160076533,1.4717026737849013,1107726.0,33.09486606826704,0.02223460688357402
192,1920,126.68431079274386,0.9400945010301962,0.03156201878492876,33.084825031835884,0.022317717510760324,1094.605647387194,1.47675555790689,1098824.0,33.084825031835884,0.022317717510760324
193,1930,127.3149743550921,0.9834696703090559,0.03173821376704184,33.101389790567495,0.022442306177423522,1095.7020060670861,1.4857430491563137,1087746.0,33.101389790567495,0.022442306177423522
194,1940,127.94563791744034,0.9600793391376738,0.03188397702178836,33.08715069117903,0.02254537636330261,1094.759540860789,1.4919245302438788,1076896.0,33.08715069117903,0.02254537636330261
195,1950,128.57630147978855,0.9548861851328488,0.03204819024102544,33.08388557474074,0.022661492644185627,1094.5434847225383,1.4994604591861325,1065678.0,33.08388557474074,0.022661492644185627
196,1960,129.2069650421368,0.9296686051966009,0.03220995879098004,33.08806329108651,0.02277588028284124,1094.819932354947,1.5072195366177206,1055267.0,33.08806329108651,0.02277588028284124
197,1970,129.83762860448505,0.994517164259128,0.03237767791356258,33.09017691132975,0.022894475611754006,1094.9598080231003,1.515164496570129,1044496.0,33.09017691132975,0.022894475611754006
198,1980,130.46829216683327,0.9871345797534286,0.03252616402345399,33.0933219627927,0.02299947114697024,1095.1679585330573,1.5222578072812942,1035178.0,33.0933219627927,0.02299947114697024
199,1990,131.0989557291815,0.9610110079330866,0.03270083918774037,33.098079711244004,0.023122985140142004,1095.4828805718619,1.5306528106606614,1024443.0,33.098079711244004,0.023122985140142004
200,2000,131.72961929152973,0.9906372501632488,0.032869369587204135,33.09477087608075,0.023242154128438913,1095.2638593402828,1.5383875310944806,1013762.0,33.09477087608075,0.023242154128438913
201,2010,132.36028285387798,0.9646131407761291,0.03300308559549844,33.09916623358356,0.023336705624657013,1095.554805358398,1.5448509976294538,1005831.0,33.09916623358356,0.023336705624657013
202,2020,132.99094641622622,0.9840416054703477,0.033121852402881305,33.06868227493026,0.023420686439537316,1093.537747400287,1.548982477059654,996792.0,33.06868227493026,0.023420686439537316
203,2030,133.62160997857444,0.974658107051952,0.033355338786887755,33.12930766092526,0.023585786244983004,1097.551026092241,1.562761537869722,986493.0,33.12930766092526,0.023585786244983004
204,2040,134.2522735409227,0.9546804389928949,0.03348333563266631,33.07689234704743,0.02367629368260351,1094.0808073381652,1.566276434633111,975870.0,33.07689234704743,0.02367629368260351
205,2050,134.88293710327093,0.9290241425256888,0.033628863383067024,33.05032990915383,0.02377919734176268,1092.324307103908,1.5718206342402605,965889.0,33.05032990915383,0.02377919734176268
206,2060,135.51360066561915,0.9386963204125806,0.03380835340658967,33.07505961922427,0.023906115954550868,1093.95956881524,1.5813924209217172,957091.0,33.07505961922427,0.023906115954550868
207,2070,136.1442642279674,0.9268747389603963,0.03395602717411422,33.06368652115153,0.024010537076970852,1093.2073663689775,1.5877537422349006,948132.0,33.06368652115153,0.024010537076970852
208,2080,136.77492779031564,0.9626328827053914,0.034118660541629944,33.061422189109805,0.024125536233988415,1093.0576371665622,1.5952490779411146,938986.0,33.061422189109805,0.024125536233988415
209,2090,137.40559135266386,0.954149855721744,0.0342857654229956,33.05428747393934,0.024243697228771448,1092.5859204098233,1.6027162752619162,929454.0,33.05428747393934,0.024243697228771448
210,2100,138.0362549150121,0.8952409978208843,0.03450908360778137,33.076952137656,0.024401607031595735,1094.084762716786,1.6142615757319647,918722.0,33.076952137656,0.024401607031595735
211,2110,138.66691847736035,0.9459636325332091,0.03465630200645523,33.08477262150351,0.024505706159613446,1094.6021794165881,1.6215314324403776,911364.0,33.08477262150351,0.024505706159613446
212,2120,139.29758203970857,1.0041802149932437,0.03480539388572153,33.06756047925278,0.02461113003846249,1093.4635560490406,1.6276600620192265,902633.0,33.06756047925278,0.02461113003846249
213,2130,139.92824560205682,0.9658184813237316,0.03497085560667388,33.05798513467173,0.024728129143374692,1092.8303811641772,1.6349242512598468,893594.0,33.05798513467173,0.024728129143374692
214,2140,140.55890916440507,0.8829289649055843,0.035117398604126826,33.05959439865958,0.024831750690609077,1092.9367818038836,1.6418552120803418,886238.0,33.05959439865958,0.024831750690609077
215,2150,141.18957272675328,0.97467950435021,0.03531397274744537,33.076828379500085,0.024970749600355554,1094.0765756469023,1.6519063980768622,877313.0,33.076828379500085,0.024970749600355554
216,2160,141.82023628910153,0.9504385586716644,0.03550497046100542,33.11266336054781,0.025105805378804986,1096.4484748289656,1.6626401638076,869781.0,33.11266336054781,0.025105805378804986
217,2170,142.45089985144975,0.9655343719714313,0.03566797358884347,33.06794355374199,0.0252210659958539,1093.4888908734663,1.6680175734321965,859523.0,33.06794355374199,0.0252210659958539
218,2180,143.081563413798,0.9261943058409203,0.03583781162708316,33.07482488516658,0.0253411596243966,1093.9440411844341,1.6763088339279422,851750.0,33.07482488516658,0.0253411596243966
219,2190,143.71222697614624,0.9034642819120636,0.03594036025849718,33.045006524734795,0.02541367245707086,1091.9724562197653,1.6795899443227589,845370.0,33.045006524734795,0.02541367245707086
220,2200,144.34289053849446,0.8993420455359923,0.03613473802618869,33.06160686188934,0.02555111829471743,1093.0698482901282,1.6895220558831519,837140.0,33.06160686188934,0.02555111829471743
221,2210,144.9735541008427,0.9592725496549438,0.03634141005501679,33.05086914911472,0.025697257487783356,1092.359951511903,1.6986333894396723,827108.0,33.05086914911472,0.025697257487783356
222,2220,145.60421766319095,0.9078424660454608,0.036501050671951675,33.07077780525085,0.025810140450570822,1093.6763446442721,1.7071228399262894,820877.0,33.07077780525085,0.025810140450570822
223,2230,146.23488122553917,0.8814170870987371,0.0366888786295098,33.05391055723598,0.025942954873056586,1092.561003125756,1.7150322199288435,811665.0,33.05391055723598,0.025942954873056586
224,2240,146.86554478788742,0.9320834090473428,0.03688822725450678,33.06514682258739,0.026083915637612164,1093.303934399261,1.7249370005312588,803462.0,33.06514682258739,0.026083915637612164
225,2250,147.49620835023563,0.9656849381326358,0.03709531457139131,33.09552827246344,0.026230348483678948,1095.313991633427,1.7362144796763301,795977.0,33.09552827246344,0.026230348483678948
226,2260,148.12687191258388,0.9954694275292679,0.037304322735377086,33.095830851882845,0.026378139573756634,1095.3340197764405,1.7460128910408135,787097.0,33.095830851882845,0.026378139573756634
227,2270,148.75753547493213,0.9599772341549251,0.037439018436398304,33.06770439638848,0.026473383817345413,1093.47307404693,1.7508280608882252,780116.0,33.06770439638848,0.026473383817345413
228,2280,149.38819903728034,0.9392918199881529,0.037626516556706645,33.04985648393078,0.026605965009675176,1092.2930136084215,1.7586466503724973,771527.0,33.04985648393078,0.026605965009675176
229,2290,150.0188625996286,1.0038344386005063,0.037825913494875005,33.09010826052667,0.026746959936801856,1094.9552646933753,1.770119599897486,765275.0,33.09010826052667,0.026746959936801856
230,2300,150.64952616197684,0.9389668813868389,0.038026848022716185,33.053994141279986,0.026889042104012873,1092.5665286917717,1.7775804803413449,755557.0,33.053994141279986,0.026889042104012873
231,2310,151.28018972432506,0.9098279615589676,0.03820570189050459,33.04877132502,0.027015510886767492,1092.221286093464,1.7856588830507343,748263.0,33.04877132502,0.027015510886767492
232,2320,151.9108532866733,1.0317204620123719,0.03841658200129335,33.079599489834465,0.027164625643123597,1094.2599024078568,1.7971898731316314,741452.0,33.079599489834465,0.027164625643123597
233,2330,152.54151684902152,0.9544203947610335,0.03854179014157803,33.026221362287515,0.027253161168178656,1090.731297470816,1.800137867124733,734267.0,33.026221362287515,0.027253161168178656
234,2340,153.17218041136977,0.9780978307874209,0.03873777057757599,33.06175106865346,0.02739174026345271,1093.079383725608,1.811237795854971,728421.0,33.06175106865346,0.02739174026345271
235,2350,153.802843973718,0.9326430823195048,0.03898603029865163,33.096912531462245,0.027567286395720765,1095.4056191152624,1.8247841331378787,720704.0,33.096912531462245,0.027567286395720765
236,2360,154.43350753606623,0.966071506013396,0.03913088261986275,33.08402155718559,0.027669712454319765,1094.5524823963206,1.8308507266396832,714821.0,33.08402155718559,0.027669712454319765
237,2370,155.06417109841448,0.9267425388705467,0.039398898264023784,33.069690039981204,0.02785922813377011,1093.6043993404319,1.842592078273803,704518.0,33.069690039981204,0.02785922813377011
238,2380,155.69483466076272,0.9623327936926467,0.03954388527794947,33.05199428098298,0.027961749434500954,1092.4343259501318,1.8483831647908093,698613.0,33.05199428098298,0.027961749434500954
239,2390,156.32549822311094,0.9699641453880691,0.039746729853502326,33.07632493303779,0.028105182209401287,1094.043271075897,1.8592322781207797,692519.0,33.07632493303779,0.028105182209401287
240,2400,156.9561617854592,0.9226436625814921,0.03993137405854841,33.076557810599056,0.028235745378896168,1094.0586765979012,1.8678825287008283,686139.0,33.076557810599056,0.028235745378896168
241,2410,157.5868253478074,0.9760439051514256,0.040130071890430864,33.04357491513303,0.02837624596322732,1091.8778431720089,1.8753052185922863,678007.0,33.04357491513303,0.02837624596322732
242,2420,158.21748891015565,0.9494871688027207,0.04033400975987558,33.06296650455066,0.02852045181365242,1093.1597540810387,1.885941486018882,671956.0,33.06296650455066,0.02852045181365242
243,2430,158.8481524725039,0.8962023033829443,0.04055577900551727,33.08357403330383,0.028677266351104274,1094.5228708170957,1.8974929287990623,665456.0,33.08357403330383,0.028677266351104274
244,2440,159.47881603485212,0.95163894042152,0.04079623087738462,33.08320281152549,0.028847291500250682,1094.498308268528,1.9087215905319774,657620.0,33.08320281152549,0.028847291500250682
245,2450,160.10947959720036,0.9103710220810758,0.040944749423798096,33.07195387520113,0.02895230997155162,1093.7541331234313,1.9150189199193621,652414.0,33.07195387520113,0.02895230997155162
246,2460,160.7401431595486,0.9501653407939168,0.041128592315552395,33.062911859232415,0.029082306526984028,1093.1561406113713,1.923091474729705,646241.0,33.062911859232415,0.029082306526984028
247,2470,161.37080672189683,0.8519595334429321,0.04127371158513651,33.04789978420794,0.029184921346587796,1092.1636801470513,1.929000711744049,641122.0,33.04789978420794,0.029184921346587796
248,2480,162.00147028424507,0.9078531850053853,0.04152422815007966,33.05393767747852,0.02936206330845866,1092.5627959866345,1.9410636213599428,633641.0,33.05393767747852,0.02936206330845866
249,2490,162.6321338465933,0.9545862446145913,0.04172385529038928,33.04250114533968,0.029503221013080463,1091.8068819397738,1.9497204282318417,627158.0,33.04250114533968,0.029503221013080463
250,2500,163.26279740894154,0.8608518903292804,0.04200259295428828,33.069994098938714,0.02970031830539554,1093.6245097038416,1.964378702192064,619892.0,33.069994098938714,0.02970031830539554
251,2510,163.89346097128978,0.9716132052926568,0.04219109925018788,33.090223885594305,0.029833612385522516,1094.9629167987557,1.9744018263059582,615117.0,33.090223885594305,0.029833612385522516
252,2520,164.524124533638,0.9125253790873072,0.042410144375605016,33.11670198601135,0.029988500679090833,1096.715950430288,1.9862404799935,609754.0,33.11670198601135,0.029988500679090833
253,2530,165.15478809598625,0.9492485789959261,0.04253024251245586,33.07677337042889,0.03007342288606593,1094.0729365987136,1.9894635865509445,604854.0,33.07677337042889,0.03007342288606593
254,2540,165.7854516583345,0.8355765496739336,0.04281468188260036,33.09261954298079,0.03027455189353153,1095.1214682164746,2.0037284552937358,597416.0,33.09261954298079,0.03027455189353153
255,2550,166.4161152206827,0.9124247787610619,0.043027441755215445,33.140907672800466,0.030424995842222042,1098.3197613770847,2.0166239563048376,593250.0,33.140907672800466,0.030424995842222042
256,2560,167.04677878303096,0.9063991850649801,0.04321038998924709,33.07949385498142,0.030554359779111924,1094.2529137017539,2.0214455131120492,586059.0,33.07949385498142,0.030554359779111924
257,2570,167.6774423453792,0.9099234435938127,0.04340094762361112,33.09680116896499,0.0306891043745776,1095.3982476180022,2.031422371078017,581532.0,33.09680116896499,0.0306891043745776
258,2580,168.30810590772742,0.9484586865419465,0.043557091939151596,33.03801834501294,0.030799515078940003,1091.510656165411,2.0351098883910446,575321.0,33.03801834501294,0.030799515078940003
259,2590,168.93876947007567,1.0051491152041752,0.043850577279891716,33.105356268368496,0.031007040553556183,1095.964613655605,2.0529982487064546,569962.0,33.105356268368496,0.031007040553556183
260,2600,169.5694330324239,0.9555011349762257,0.04405740949273175,33.09673418944155,0.03115329301382319,1095.393814006549,2.062144516008585,564329.0,33.09673418944155,0.03115329301382319
261,2610,170.20009659477213,0.8841244026321707,0.04427772614843898,33.12074545570282,0.03130908041508211,1096.983779541459,2.0739601657601296,559538.0,33.12074545570282,0.03130908041508211
262,2620,170.83076015712038,0.9217404870403202,0.04454977089345519,33.0764573512157,0.031501445099069235,1094.0520309067913,2.083912410642053,551248.0,33.0764573512157,0.031501445099069235
263,2630,171.4614237194686,0.9260174269605379,0.044796389106922144,33.10935029664302,0.03167583051017584,1096.2290770658153,2.097532336597009,546280.0,33.10935029664302,0.03167583051017584
264,2640,172.09208728181684,0.9550228987937849,0.04494451050981179,33.10690255810701,0.03178056815859798,1096.0669969919927,2.104312346535963,542605.0,33.10690255810701,0.03178056815859798
265,2650,172.7227508441651,0.989643962241983,0.04519066793344298,33.08966120497171,0.03195462774208699,1094.92567865981,2.1147356118332974,536151.0,33.08966120497171,0.03195462774208699
266,2660,173.3534144065133,0.9012987110720649,0.04535588536344925,33.06711563458477,0.032071454107214646,1093.434136391001,2.121020963065091,531527.0,33.06711563458477,0.032071454107214646
267,2670,173.98407796886156,0.8883462882353328,0.045568274307009375,33.05861316256044,0.03222163576945505,1092.8719042318141,2.13040518473467,526313.0,33.05861316256044,0.03222163576945505
268,2680,174.61474153120977,0.9337251158671925,0.04577137913491069,33.06068964510897,0.032365252570555794,1093.0091998102157,2.140035141041421,521718.0,33.06068964510897,0.032365252570555794
269,2690,175.24540509355802,0.9650613096791069,0.04595862943799867,33.06003908729668,0.032497658529648546,1092.9661844535842,2.1487477224716027,517455.0,33.06003908729668,0.032497658529648546
270,2700,175.87606865590627,0.9742853242320783,0.046211676299745263,33.090593539603255,0.03267658968154754,1094.9873808032326,2.1625754948249667,512750.0,33.090593539603255,0.03267658968154754
271,2710,176.50673221825448,0.8955574794360597,0.04643292034595363,33.06457578449912,0.03283303284691862,1093.2661718088855,2.171220605603779,507077.0,33.06457578449912,0.03283303284691862
272,2720,177.13739578060273,0.8888241211624788,0.046690426197839925,33.11381670825918,0.03301511698098264,1096.5248569881849,2.1865130646199886,502994.0,33.11381670825918,0.03301511698098264
273,2730,177.76805934295098,0.8977130843283768,0.04692350444135883,33.081736206085736,0.033179928187521905,1094.401270409044,2.1952992632729362,497045.0,33.081736206085736,0.033179928187521905
274,2740,178.3987229052992,0.9587117662094252,0.04706700062144386,33.04606257937276,0.0332813953095344,1092.0422519998206,2.199638144255434,492954.0,33.04606257937276,0.0332813953095344
275,2750,179.02938646764744,0.9227423616286161,0.04736249584792789,33.05593457434945,0.033490341987989516,1092.6948105836716,2.2141091072551395,487113.0,33.05593457434945,0.033490341987989516
276,2760,179.66005002999566,0.9444986046511641,0.04754320926225559,33.06731885622571,0.03361812566871201,1093.4475763393002,2.223322561671932,483750.0,33.06731885622571,0.03361812566871201
277,2770,180.2907135923439,0.9289169356838703,0.04776819795371223,33.089020723417434,0.03377721669813128,1094.8832924347487,2.2353100466076548,479833.0,33.089020723417434,0.03377721669813128
278,2780,180.92137715469215,0.8818214268364594,0.04811315086671315,33.1056588657518,0.03402113524210428,1095.9846489355307,2.252584195101421,473453.0,33.1056588657518,0.03402113524210428
279,2790,181.55204071704037,0.9080768861739184,0.048265614010819476,33.054194006163605,0.03412894296518289,1092.579741397102,2.2562094039928957,469005.0,33.054194006163605,0.03412894296518289
280,2800,182.18270427938862,0.9219949698666552,0.04851350173990766,33.032173230265094,0.03430422605939407,1091.124468314242,2.2662862754481585,463606.0,33.032173230265094,0.03430422605939407
281,2810,182.81336784173686,0.9102167182662494,0.04878520824168745,33.06276897454359,0.03449635156929505,1093.146692264042,2.2810898048004726,459306.0,33.06276897454359,0.03449635156929505
282,2820,183.44403140408508,0.9517779887687451,0.0489395483078253,33.0495621768242,0.034605486476669896,1092.273560079769,2.2873923539399015,456049.0,33.0495621768242,0.034605486476669896
283,2830,184.07469496643333,0.9265474071134517,0.04918513842777598,33.03326772607124,0.03477914491587944,1091.1967766622997,2.2977376105801497,451061.0,33.03326772607124,0.03477914491587944
284,2840,184.70535852878155,0.8930541752840385,0.049436054421595016,33.043555794824464,0.034956569316617045,1091.8765795656775,2.3101786972185683,446772.0,33.043555794824464,0.034956569316617045
285,2850,185.3360220911298,1.001661935647568,0.04977533223564569,33.07019282376874,0.03519647495963842,1093.6376534012454,2.327908427264381,441413.0,33.07019282376874,0.03519647495963842
286,2860,185.96668565347804,0.9499925595067719,0.050055664158667516,33.08217432856029,0.03539469956339022,1094.4302583052533,2.3418672425261837,436799.0,33.08217432856029,0.03539469956339022
287,2870,186.59734921582626,0.8800645737921854,0.05023367290255094,33.05486372437792,0.03552057075330069,1092.624015837195,2.348255251324956,432993.0,33.05486372437792,0.03552057075330069
288,2880,187.2280127781745,0.9459157532233051,0.05039144704515882,32.98996842186837,0.03563213391943462,1088.338016475872,2.3510059456118655,428598.0,32.98996842186837,0.03563213391943462
289,2890,187.85867634052275,0.9531050493325562,0.05083254679752163,33.09421327835801,0.03594403854551007,1095.2269525134475,2.379079355421263,423858.0,33.09421327835801,0.03594403854551007
290,2900,188.48933990287097,0.9632809660352954,0.050943041119113235,33.05167076573555,0.03602216982959009,1092.4129404065782,2.3811857949500483,420937.0,33.05167076573555,0.03602216982959009
291,2910,189.1200034652192,1.0210890407508777,0.05117521558880836,33.04266806406825,0.03618634197152991,1091.8179127921962,2.391386572436248,416899.0,33.04266806406825,0.03618634197152991
292,2920,189.75066702756743,1.0144124683979585,0.05141403527085919,33.03918872298327,0.03635521298818886,1091.5879914729048,2.4022934859620486,412948.0,33.03918872298327,0.03635521298818886
293,2930,190.38133058991568,0.9538959987040332,0.051759369122703035,33.03764486663659,0.036599400896600916,1091.485978333999,2.4183160183071233,407418.0,33.03764486663659,0.036599400896600916
294,2940,191.01199415226392,0.9599887294980632,0.05200679475913527,33.08040979863868,0.03677435724196155,1094.3135124458697,2.433021615291248,404596.0,33.08040979863868,0.03677435724196155
295,2950,191.64265771461214,0.9237986818454201,0.052202405793393344,33.03880323653974,0.03691267513076035,1091.562519302789,2.43910122115901,400560.0,33.03880323653974,0.03691267513076035
296,2960,192.2733212769604,0.9846385435662165,0.052481106610004054,33.02250351616951,0.03710974636810801,1090.4857384754273,2.4509134598500104,395926.0,33.02250351616951,0.03710974636810801
297,2970,192.90398483930863,1.0389264517972008,0.05273087908726232,33.01824744194096,0.037286362180531094,1090.2046641372408,2.46226066537321,392083.0,33.01824744194096,0.037286362180531094
298,2980,193.53464840165685,0.9546396521417376,0.052987219857002686,33.05332411661302,0.03746762247710908,1092.5222351578716,2.476858939229563,389124.0,33.05332411661302,0.03746762247710908
299,2990,194.1653119640051,0.9444706323068065,0.05330593808297765,33.04976758865379,0.037692990295983726,1092.287137664031,2.4914891380072897,384402.0,33.04976758865379,0.037692990295983726
300,3000,194.79597552635335,0.8327774365758015,0.053642318746979376,33.11108787643015,0.03793084734455939,1096.3441403606794,2.5118632393063263,381006.0,33.11108787643015,0.03793084734455939
301,3010,195.42663908870156,0.9661754905590484,0.0537627427544498,33.06037127373285,0.03801599997685938,1092.98814875706,2.5136461471543807,378140.0,33.06037127373285,0.03801599997685938
302,3020,196.0573026510498,0.9628324516220701,0.05409831902148088,33.037600262127874,0.038253288230882324,1091.4830310801517,2.5275936905677017,372949.0,33.037600262127874,0.038253288230882324
303,3030,196.68796621339803,0.9864718922298669,0.0544502714968058,33.09631552466113,0.038502156212839964,1095.3661013079254,2.5485590207998867,369453.0,33.09631552466113,0.038502156212839964
304,3040,197.31862977574627,0.9562031477116214,0.05456139586926813,33.07059778572132,0.03858073301016318,1093.6644379049555,2.5517758073148156,367378.0,33.07059778572132,0.03858073301016318
305,3050,197.94929333809452,0.9560662084026059,0.05489076255183912,33.05650058124126,0.03881363042490604,1092.7322306776036,2.56608559340198,362673.0,33.05650058124126,0.03881363042490604
306,3060,198.57995690044274,1.0294555185286116,0.055174745018417896,33.08175752399161,0.03901443635276198,1094.4026808761757,2.581332246714551,359498.0,33.08175752399161,0.03901443635276198
307,3070,199.21062046279098,0.9691708205764004,0.05542321014943872,33.054218532016044,0.039190127731795206,1092.5813627622729,2.5907980926887615,355689.0,33.054218532016044,0.039190127731795206
308,3080,199.84128402513923,0.9826837416481095,0.05576079640071487,33.08340258237988,0.039428837259307924,1094.5115264278197,2.608880192809648,352016.0,33.08340258237988,0.039428837259307924
309,3090,200.47194758748745,0.9182117719677775,0.05595793936182701,33.10199458751946,0.03956823838397351,1095.7420456721675,2.6195752256479414,349933.0,33.10199458751946,0.03956823838397351
310,3100,201.1026111498357,0.9747504152511484,0.05620498072871226,33.040402799838084,0.03974292300973165,1091.6682171755483,2.6262443693689743,345574.0,33.040402799838084,0.03974292300973165
311,3110,201.7332747121839,0.9839647381114025,0.05652887625617267,33.042663458408526,0.03997195173359492,1091.8176084256459,2.6415594978178523,341672.0,33.042663458408526,0.03997195173359492
312,3120,202.36393827453216,0.9696661957427739,0.056852387417495744,33.069426471379344,0.04020070866955599,1093.586967145965,2.658828758890448,338342.0,33.069426471379344,0.04020070866955599
313,3130,202.9946018368804,0.9340490989394539,0.057066688799861695,33.06772110561453,0.04035224263024461,1093.4741791187048,2.6687134105660366,335771.0,33.06772110561453,0.04035224263024461
314,3140,203.62526539922862,0.9603529157043927,0.05735453051394009,33.074423827759524,0.040555777458177796,1093.917511538267,2.6827179446321368,332544.0,33.074423827759524,0.040555777458177796
315,3150,204.25592896157687,0.9427085614188698,0.05766709000921145,33.06814175392065,0.04077679039680843,1093.50199905739,2.696825370223143,328824.0,33.06814175392065,0.04077679039680843
316,3160,204.88659252392512,0.8003789620854006,0.05790343510200339,33.06859044616452,0.04094391161462176,1093.5316740961637,2.707914888895772,326154.0,33.06859044616452,0.04094391161462176
317,3170,205.51725608627333,0.9351835606077017,0.05820353360206544,33.05791627107255,0.04115611329903956,1092.8258281852434,2.72107069496485,322591.0,33.05791627107255,0.04115611329903956
318,3180,206.14791964862158,0.871765070364356,0.05856757815847204,33.10757383511662,0.041413531673528715,1096.1114452476986,2.7422031153085853,319551.0,33.10757383511662,0.041413531673528715
319,3190,206.7785832109698,0.9118405330737076,0.05873171017254298,33.033859097783115,0.04152959053368808,1091.2358468921882,2.7437652841569586,316354.0,33.033859097783115,0.04152959053368808
320,3200,207.40924677331805,0.9513328968589764,0.05908186399801403,33.0602493820651,0.041777186678137075,1092.9800892043359,2.762328420120599,313115.0,33.0602493820651,0.041777186678137075
321,3210,208.0399103356663,0.8632081849731875,0.059294622506873604,33.04673957817483,0.041927629662506814,1092.0869967477067,2.7711429171740414,310618.0,33.04673957817483,0.041927629662506814
322,3220,208.6705738980145,0.9272052552425458,0.05969432235006534,33.08584405294525,0.04221026013206688,1094.6730766958124,2.7931241683276333,307198.0,33.08584405294525,0.04221026013206688
323,3230,209.30123746036276,0.9204429049353063,0.060038160378874564,33.10237606646455,0.04245339033386771,1095.7673012456453,2.8106161842562,303993.0,33.10237606646455,0.04245339033386771
324,3240,209.931901022711,0.8469048371798956,0.060426852388812805,33.12389285792473,0.042728237089888065,1097.192278063277,2.8306510947469152,300485.0,33.12389285792473,0.042728237089888065
325,3250,210.56256458505922,0.7865616479854587,0.06070189074224184,33.08615009402638,0.04292271857468412,1094.6933280444418,2.8402950184113056,297090.0,33.08615009402638,0.04292271857468412
326,3260,211.19322814740747,0.942352977010371,0.06080677783557711,33.05344805560884,0.042996884949640435,1092.5304283648318,2.842390606471859,295481.0,33.05344805560884,0.042996884949640435
327,3270,211.82389170975569,0.8736444686111723,0.061125482967702933,33.053742679976516,0.04322224350976555,1092.5499051541012,2.857313830046151,292413.0,33.053742679976516,0.04322224350976555
328,3280,212.45455527210393,0.9679960888546159,0.061365495606789784,33.0720740516904,0.04339195807443434,1093.7620820804937,2.8701241013710757,290452.0,33.0720740516904,0.04339195807443434
329,3290,213.08521883445218,0.9499966902299098,0.061807848436489746,33.11360887806739,0.04370474875999225,1096.5110929296236,2.8944439131051687,287029.0,33.11360887806739,0.04370474875999225
330,3300,213.7158823968004,0.8726762781085442,0.0619386724233926,33.03846177651804,0.043797255288273114,1091.5399565584437,2.893987889516028,284522.0,33.03846177651804,0.043797255288273114
331,3310,214.34654595914864,0.9147323328321384,0.06217352283737834,33.01595543477859,0.0439633196085669,1090.0533132712858,2.902982001922745,281992.0,33.01595543477859,0.0439633196085669
332,3320,214.9772095214969,0.9240640677201345,0.06261153760454875,33.08751712558116,0.04427304282069295,1094.7837895356265,2.929770125062532,279267.0,33.08751712558116,0.04427304282069295
333,3330,215.6078730838451,0.9382304286919142,0.06282116715615944,33.019022987999634,0.04442127329817396,1090.255879082048,2.9334940883772402,276259.0,33.019022987999634,0.04442127329817396
334,3340,216.23853664619335,0.8783906297980568,0.06329730386784846,33.105639662740835,0.04475795279578112,1095.9833774792392,2.9634813145981873,273548.0,33.105639662740835,0.04475795279578112
335,3350,216.86920020854157,0.8884388796196477,0.0635458952426233,33.07489068702613,0.0449337334426289,1093.9483939587278,2.9723566435498423,270908.0,33.07489068702613,0.0449337334426289
336,3360,217.49986377088982,1.0389776999364149,0.06368387351815566,33.025047036997556,0.04503129881691426,1090.653731795901,2.9743215231313718,268923.0,33.025047036997556,0.04503129881691426
337,3370,218.13052733323806,0.9954268829985455,0.06400373360620755,33.0527699114,0.04525747405420668,1092.485598815949,2.991769753369697,266689.0,33.0527699114,0.04525747405420668
338,3380,218.76119089558628,1.0250400236727668,0.0644421500224087,33.08550606605262,0.045567481275086016,1094.650711646805,3.0152463562831957,263594.0,33.08550606605262,0.045567481275086016
339,3390,219.39185445793453,0.9157487299411292,0.06488410876214869,33.11130858317259,0.04587999329696081,1096.3587560900787,3.0382932316991185,260421.0,33.11130858317259,0.04587999329696081
340,3400,220.02251802028277,0.9340002091248092,0.0650938052951039,33.07758224863823,0.046028271137404764,1094.126447415427,3.045007848620254,258219.0,33.07758224863823,0.046028271137404764
341,3410,220.653181582631,0.8882763523304767,0.06534640133700978,33.0643104891981,0.046206883511537296,1093.2486281260956,3.055597486327355,256021.0,33.0643104891981,0.046206883511537296
342,3420,221.28384514497924,0.9454484507419945,0.06585658267114533,33.162762113497074,0.04656763619253934,1099.7687909963968,3.0886228824821176,253573.0,33.162762113497074,0.04656763619253934
343,3430,221.91450870732749,0.9121366238453029,0.06607719601867085,33.071488081845374,0.0467236333865949,1093.7233239476404,3.090440169370572,250498.0,33.071488081845374,0.0467236333865949
344,3440,222.5451722696757,0.956703214402201,0.06638075775402874,33.080735907091956,0.04693828394817522,1094.3350881547633,3.105505950443356,248351.0,33.080735907091956,0.04693828394817522
345,3450,223.17583583202395,0.8893460134532958,0.0667620747320921,33.09534158407717,0.047207915769145375,1095.3016345667475,3.1247241957044185,245739.0,33.09534158407717,0.047207915769145375
346,3460,223.80649939437217,0.8982872503524527,0.06713298396895423,33.11316995979322,0.04747018820573532,1096.482024786152,3.14377682015977,243293.0,33.11316995979322,0.04747018820573532
347,3470,224.4371629567204,0.8778400432990526,0.06746020891824,33.06169711478536,0.04770157118634872,1093.0758161098065,3.1541897969248676,240190.0,33.06169711478536,0.04770157118634872
348,3480,225.06782651906866,0.8783362524098182,0.06777467480508681,33.07022181475493,0.047923932147389936,1093.639570877093,3.1697101326988997,238089.0,33.07022181475493,0.047923932147389936
349,3490,225.69849008141688,0.8798800830454482,0.06800863521382634,33.07325029580847,0.04808936713893883,1093.8398851291954,3.1809433519063015,236497.0,33.07325029580847,0.04808936713893883
350,3500,226.32915364376512,0.8818495100536415,0.06831036657156721,33.015679986882006,0.048302723428094024,1090.0351249962011,3.189494518393641,233597.0,33.015679986882006,0.048302723428094024
351,3510,226.95981720611337,0.8432456155448106,0.06853573998404884,33.04048245457855,0.048462086496358935,1091.6734808313133,3.2024214371904316,232412.0,33.04048245457855,0.048462086496358935
352,3520,227.5904807684616,0.8860897718013216,0.06885620815837834,32.98586099385151,0.048688691715581794,1088.0670255056946,3.212076833805342,229493.0,32.98586099385151,0.048688691715581794
353,3530,228.22114433080984,0.9896552785607834,0.06951210067175687,33.147944137197484,0.04915247775952125,1098.7862005227653,3.2586071739549043,227401.0,33.147944137197484,0.04915247775952125
354,3540,228.85180789315805,0.9538518324165004,0.06985391812635793,33.1248281454736,0.04939417919959758,1097.25423966716,3.2723473947467934,224867.0,33.1248281454736,0.04939417919959758
355,3550,229.4824714555063,0.9067169321820924,0.07017003995667456,33.06349438874221,0.04961771108949557,1093.1946611943877,3.281069824379538,222021.0,33.06349438874221,0.04961771108949557
356,3560,230.11313501785455,0.8739016536593359,0.07042063363453037,33.020895157278524,0.0497949075784299,1090.3795169879804,3.288544845027415,219876.0,33.020895157278524,0.0497949075784299
357,3570,230.74379858020276,0.8647240334282337,0.07083443366198496,33.056237695242885,0.05008750838389821,1092.7148505643968,3.3114091654012205,217780.0,33.056237695242885,0.05008750838389821
358,3580,231.374462142551,0.8767967412534888,0.07131437599189688,33.10884632406546,0.05042687885995741,1096.1957049105831,3.3391515655531907,215543.0,33.10884632406546,0.05042687885995741
359,3590,232.00512570489926,0.8297714742645531,0.07151920954689339,33.073207660038015,0.05057171805570998,1093.8370649239973,3.34513786596278,213849.0,33.073207660038015,0.05057171805570998
360,3600,232.63578926724747,0.8838730413820765,0.07189423078821199,33.068610942861035,0.05083689811853537,1093.5330296903085,3.3622112108474203,211565.0,33.068610942861035,0.05083689811853537
361,3610,233.26645282959572,0.86625112239711,0.07193321689025915,33.00214147845736,0.05086446545566494,1089.1413421641157,3.357272570387923,210487.0,33.00214147845736,0.05086446545566494
362,3620,233.89711639194394,1.005189195415536,0.0723680131653401,33.03312456576065,0.05117191285020934,1091.1873185770598,3.3807363428984267,208356.0,33.03312456576065,0.05117191285020934
363,3630,234.52777995429219,0.921347746626744,0.07290141774993786,33.066720179637855,0.051549086849094414,1093.4079834384695,3.4091184607097094,205736.0,33.066720179637855,0.051549086849094414
364,3640,235.15844351664043,0.804344816413094,0.07319616078725553,33.03499326663991,0.05175750164948925,1091.3107801269439,3.419617436977962,203691.0,33.03499326663991,0.05175750164948925
365,3650,235.78910707898865,0.8385533582754364,0.07345895366696362,33.02125002679537,0.05194332427677839,1090.4029533321334,3.4304669963328185,202068.0,33.02125002679537,0.05194332427677839
366,3660,236.4197706413369,0.8913369175984748,0.07389458060653531,33.08843869962611,0.05225135903981707,1094.844775578915,3.4578317811222834,200506.0,33.08843869962611,0.05225135903981707
367,3670,237.05043420368514,0.8642063224266339,0.07423196470509219,33.07806666279688,0.05248992562377114,1094.158494148434,3.472530517816703,198563.0,33.07806666279688,0.05248992562377114
368,3680,237.68109776603336,0.9103565365025454,0.07465570415963657,33.063038305944595,0.05278955466553576,1093.1645020203598,3.4907661361207305,196137.0,33.063038305944595,0.05278955466553576
369,3690,238.3117613283816,0.8765646244489341,0.07507886397451086,33.08312465084639,0.05308877384015902,1094.4931366634403,3.512685045029148,194168.0,33.08312465084639,0.05308877384015902
370,3700,238.94242489072982,0.8724365767001133,0.07525591389033494,33.01977038107757,0.05321396703624673,1090.3052360190877,3.5142259452061957,192516.0,33.01977038107757,0.05321396703624673
371,3710,239.57308845307807,1.041757826045839,0.07569366790862851,33.0223982457599,0.05352350587107378,1090.4787859015667,3.5349490527677334,190326.0,33.0223982457599,0.05352350587107378
372,3720,240.20375201542632,0.9242362265115636,0.07623596378723403,33.03331669874488,0.05390696696424527,1091.2000121195777,3.561451823997384,187752.0,33.03331669874488,0.05390696696424527
373,3730,240.83441557777454,0.9258807479335568,0.07645036827545933,33.05229797410423,0.054058573831786194,1092.4544013689745,3.573520180686621,186915.0,33.05229797410423,0.054058573831786194
374,3740,241.46507914012278,0.9254947007954184,0.07695653111828979,33.06051143758903,0.054416485010336274,1092.997416514955,3.598073650155228,184556.0,33.06051143758903,0.054416485010336274
375,3750,242.09574270247103,0.945528054432501,0.07736211617289832,33.052551066572875,0.05470327695279788,1092.4711320084077,3.616165709982462,182538.0,33.052551066572875,0.05470327695279788
376,3760,242.72640626481925,1.1148380667663218,0.07778525115606091,33.059189298460346,0.05500247856874941,1092.909997071435,3.63667470177759,180630.0,33.059189298460346,0.05500247856874941
377,3770,243.3570698271675,0.9400737265415516,0.07833060508193455,33.14412177604886,0.055388102027881365,1098.5328083055565,3.6715799971126377,179040.0,33.14412177604886,0.055388102027881365
378,3780,243.9877333895157,1.0877437247397188,0.07860743097677679,33.10884898196532,0.055583847495332336,1096.1958809105863,3.6806344251191,177403.0,33.10884898196532,0.055583847495332336
379,3790,244.61839695186396,0.8880396456950833,0.07886197202177747,33.04260162810925,0.05576383519434263,1091.813522353928,3.6851643831644036,175555.0,33.04260162810925,0.05576383519434263
380,3800,245.2490605142122,1.01602480248486,0.07926040547535679,33.01754850188952,0.05604557019122014,1090.158509074627,3.700974664209329,173531.0,33.01754850188952,0.05604557019122014
381,3810,245.87972407656042,0.9957124535003145,0.07949316853241378,32.998092055973046,0.05621015852727486,1088.8740793344714,3.7096559711277086,172313.0,32.998092055973046,0.05621015852727486
382,3820,246.51038763890867,0.9853496401193711,0.07989914161640703,33.02938128539797,0.0564972248479457,1090.9400280961977,3.732136762139317,170890.0,33.02938128539797,0.0564972248479457
383,3830,247.14105120125691,0.9535308650752784,0.08023928410441838,32.96487218582514,0.056737741907788186,1086.682798227788,3.7407048202051447,168783.0,32.96487218582514,0.056737741907788186
384,3840,247.77171476360513,1.0295861186688067,0.08108431163635023,33.08567813008759,0.05733526660590652,1094.6620973277559,3.793952352851565,166497.0,33.08567813008759,0.05733526660590652
385,3850,248.40237832595338,0.9942777331019632,0.08130142649312075,33.06370187015015,0.057488789993425306,1093.2083813581705,3.801584426436571,165389.0,33.06370187015015,0.057488789993425306
386,3860,249.03304188830163,0.8290919067215373,0.08169874381502759,33.08799124508617,0.057769735766028514,1094.8151646348992,3.8229690225145863,164025.0,33.08799124508617,0.057769735766028514
387,3870,249.66370545064984,0.9655205095855057,0.08233091497377751,33.18712103926376,0.05821674827925115,1101.3850028747431,3.864092543311716,162485.0,33.18712103926376,0.05821674827925115
388,3880,250.2943690129981,0.9544103957999727,0.08245125760888099,33.097992940512235,0.05830184337259867,1095.4771366901978,3.8593480007302414,161142.0,33.097992940512235,0.05830184337259867
389,3890,250.9250325753463,1.016540232405179,0.08280436422986417,33.083944630038594,0.05855152745877775,1094.5473922834597,3.874230984900775,159635.0,33.083944630038594,0.05855152745877775
390,3900,251.55569613769455,0.9223961342841018,0.08338096962949634,33.089430777162946,0.05895924904692643,1094.9104291566584,3.9018559800235653,157487.0,33.089430777162946,0.05895924904692643
391,3910,252.1863597000428,0.893254817987153,0.0835162316440276,33.08254936179403,0.059054893734638444,1094.4550722755384,3.9073728740633547,156912.0,33.08254936179403,0.059054893734638444
392,3920,252.81702326239102,0.9520897702739425,0.0841235608991729,33.08805405031845,0.059484340369364654,1094.819320836795,3.9364421385781543,154706.0,33.08805405031845,0.059484340369364654
393,3930,253.44768682473926,1.020938068207734,0.08421878202800198,32.99001376960851,0.059551671875271946,1088.3410085189591,3.929220950336859,153443.0,32.99001376960851,0.059551671875271946
394,3940,254.0783503870875,0.9327931388282371,0.08467438879465085,33.016931883366,0.05987383450952383,1090.1177909908301,3.953700631193753,152044.0,33.016931883366,0.05987383450952383
395,3950,254.70901394943573,0.8825039999999956,0.08537872394962673,33.06703759773446,0.06037187467383534,1093.4289754899844,3.9926380993708523,150000.0,33.06703759773446,0.06037187467383534
396,3960,255.33967751178398,0.8903836813987356,0.08597145283874508,33.10157722176801,0.0607909972907361,1095.714414568671,4.024555782415182,148248.0,33.10157722176801,0.0607909972907361
397,3970,255.9703410741322,0.8949193942354642,0.0861277429415486,33.06497782775938,0.060901511082260815,1093.2927587502195,4.027414227223992,147384.0,33.06497782775938,0.060901511082260815
398,3980,256.6010046364804,0.9057939914163098,0.08663074094172543,33.03256393416239,0.06125718437910912,1091.1502800645258,4.046963718859391,145392.0,33.03256393416239,0.06125718437910912
399,3990,257.2316681988287,0.918199494458485,0.08702939807020692,33.025793237454856,0.061539077538026746,1090.703018963119,4.064753701589147,144004.0,33.025793237454856,0.061539077538026746
400,4000,257.8623317611769,0.9905785367289855,0.08741472747546682,33.01604612586316,0.06181154657347659,1090.059301785124,4.081545745561685,142653.0,33.01604612586316,0.06181154657347659
401,4010,258.4929953235251,0.9632793101252863,0.08766206360676058,32.958954134381905,0.06198643962914688,1086.29265763229,4.0860164413813695,141359.0,32.958954134381905,0.06198643962914688
402,4020,259.1236588858734,1.034274064199717,0.08825836543761365,33.05638108201351,0.06240808869737701,1092.7243302393006,4.125971125161189,140281.0,33.05638108201351,0.06240808869737701
403,4030,259.7543224482216,0.9004608560816437,0.08883659549694294,33.079556189396406,0.06281695909341466,1094.2570376874341,4.155914255955252,138655.0,33.079556189396406,0.06281695909341466
404,4040,260.38498601056983,1.0097170244895262,0.08940567510117836,33.101719230656826,0.06321935914060448,1095.723816025236,4.185338952428696,137079.0,33.101719230656826,0.06321935914060448
405,4050,261.01564957291805,0.8137084361306474,0.08991493139529672,33.13276769819815,0.0635794577195375,1097.7802953427629,4.213126805997694,135785.0,33.13276769819815,0.0635794577195375
406,4060,261.6463131352663,0.7983300127599561,0.09058930274838799,33.16273814071872,0.0640563102763463,1099.7672009898806,4.248565287910204,134013.0,33.16273814071872,0.0640563102763463
407,4070,262.27697669761454,0.998447090918624,0.09070259311885524,33.13153550755844,0.06413641866554683,1097.6986450886056,4.249876064690397,133427.0,33.13153550755844,0.06413641866554683
408,4080,262.9076402599628,0.9308420543221786,0.09104624940193344,33.10980449994345,0.06437942035370878,1096.2591540244757,4.263180043461955,132248.0,33.10980449994345,0.06437942035370878
409,4090,263.53830382231104,0.8651016616071686,0.09139286515212623,33.050495724725074,0.06462451470113617,1092.3352676500701,4.271744493684667,130777.0,33.050495724725074,0.06462451470113617
410,4100,264.16896738465925,1.0624078013633735,0.09231247961185506,33.129507242234965,0.06527478032168763,1097.5642501132988,4.325042614805293,128798.0,33.129507242234965,0.06527478032168763
411,4110,264.79963094700753,0.9599325021093055,0.09237141320654309,33.048317825072026,0.06531645266613123,1092.1913110669734,4.317197773833156,128004.0,33.048317825072026,0.06531645266613123
412,4120,265.43029450935575,0.8861783228372511,0.0930130354261723,33.109766488697105,0.065770148088591,1096.2566369360497,4.355268490280553,126714.0,33.109766488697105,0.065770148088591
413,4130,266.06095807170396,0.9251220267149189,0.09322570219129625,33.09144756711234,0.06592052620034315,1095.0439020869453,4.362811272710222,125997.0,33.09144756711234,0.06592052620034315
414,4140,266.69162163405224,0.9804714181736701,0.09360198066595252,33.09687151385841,0.06618659526138714,1095.4029040048524,4.38113847861176,125027.0,33.09687151385841,0.06618659526138714
415,4150,267.32228519640046,0.9191747159436501,0.09429926449401202,33.1127406051631,0.06667964938461972,1096.453590384817,4.415891867432272,123303.0,33.1127406051631,0.06667964938461972
416,4160,267.9529487587487,0.9460504806120417,0.09463129736203425,33.09985809774657,0.06691443207717507,1095.600606090959,4.429716412891592,122344.0,33.09985809774657,0.06691443207717507
417,4170,268.5836123210969,0.9638094609533558,0.09502183472798355,33.08261289538364,0.06719058369694453,1094.459275985804,4.445680141321781,121214.0,33.08261289538364,0.06719058369694453
418,4180,269.21427588344517,0.9906951167692805,0.0956177691343369,33.12614098164905,0.06761197295681937,1097.3412163360888,4.479447496430083,120023.0,33.12614098164905,0.06761197295681937
419,4190,269.8449394457934,1.0211374407582925,0.0961122153904143,33.03800609975519,0.06796159925742401,1091.5098470474609,4.490631461631784,118160.0,33.03800609975519,0.06796159925742401
420,4200,270.4756030081416,1.0076106059448262,0.09648948687833923,33.114736436145726,0.06822837048488406,1096.5857692353975,4.518729012149279,117783.0,33.114736436145726,0.06822837048488406
421,4210,271.1062665704899,0.9662294094877607,0.0967929393237031,33.002702049683826,0.06844294376676849,1089.178342580205,4.517604161075851,116255.0,33.002702049683826,0.06844294376676849
422,4220,271.7369301328381,0.9718735708553762,0.0969296698292796,32.99754186716589,0.06853962683445672,1088.837769275366,4.523278412059825,115891.0,32.99754186716589,0.06853962683445672
423,4230,272.3675936951863,0.8531032193826801,0.09759003314280318,33.021502467963565,0.06900657421149604,1090.419625241724,4.557401521261256,114494.0,33.021502467963565,0.06900657421149604
424,4240,272.9982572575346,0.8793753479863177,0.09823004141797365,33.04254768438662,0.06945912840288457,1091.8099574749635,4.5902131247364935,113151.0,33.04254768438662,0.06945912840288457
425,4250,273.6289208198828,0.8679372337480294,0.09858423940277697,32.9883253023004,0.06970958419982164,1088.229606250393,4.599204880543633,111971.0,32.9883253023004,0.06970958419982164
426,4260,274.259584382231,0.9616296429535037,0.0991150503053873,33.05007663499158,0.07008492418858514,1092.3075655788168,4.632624230780628,111190.0,33.05007663499158,0.07008492418858514
427,4270,274.8902479445793,0.9014662116040967,0.09985307037385702,33.098694739847716,0.07060678318365184,1095.5235934816228,4.67398472631661,109875.0,33.098694739847716,0.07060678318365184
428,4280,275.5209115069275,0.9635561896115703,0.10088216011008849,33.14512501912557,0.0713344595145906,1098.599312533464,4.7287791575657145,107947.0,33.14512501912557,0.0713344595145906
429,4290,276.15157506927574,0.8341014852174913,0.10105054036519766,33.15643623349147,0.0714535223347962,1099.349263705586,4.738288313904057,107661.0,33.15643623349147,0.0714535223347962
430,4300,276.782238631624,0.8674786707518304,0.10186950136423945,33.17803802694164,0.07203261521074596,1100.7822073171858,4.779801693284369,106075.0,33.17803802694164,0.07203261521074596
431,4310,277.41290219397223,1.0055294820377203,0.10177552645926657,33.05292433285784,0.0719661649181783,1092.4958069536262,4.757384407133032,105471.0,33.05292433285784,0.0719661649181783
432,4320,278.04356575632045,0.8938848678186951,0.10290466182278855,33.1472831790828,0.07276458419060221,1098.7423821543055,4.823896555148206,103759.0,33.1472831790828,0.07276458419060221
433,4330,278.6742293186687,1.0532162052823237,0.102564496424628,33.04710201776275,0.07252405093083787,1092.1109517724187,4.793419419705641,103818.0,33.04710201776275,0.07252405093083787
434,4340,279.30489288101694,0.8338009195536903,0.10388403258048091,33.249544830567416,0.07345710389466228,1105.5322314399123,4.884830538138444,102441.0,33.249544830567416,0.07345710389466228
435,4350,279.93555644336516,0.8584072199161857,0.104725945262036,33.273033163027,0.07405242606095684,1107.0947358678948,4.927897656257644,100943.0,33.273033163027,0.07405242606095684
436,4360,280.5662200057134,0.9234374533549644,0.10488770104259566,33.250062975974686,0.0741668046702867,1105.5666879062824,4.932101852027692,100493.0,33.250062975974686,0.0741668046702867
437,4370,281.19688356806165,0.8937032569360636,0.1050869387725256,33.14489360993263,0.07430768702018839,1098.583972413753,4.925840761368631,99480.0,33.14489360993263,0.07430768702018839
438,4380,281.82754713040987,0.9099964562344949,0.10542295159809272,33.13116484432245,0.07454528396771254,1097.6740839416675,4.939544183002222,98765.0,33.13116484432245,0.07454528396771254
439,4390,282.4582106927581,0.7009438587889161,0.10563855319547488,33.05254598170984,0.07469773731925614,1092.4707958730435,4.937900794948793,97896.0,33.05254598170984,0.07469773731925614
440,4400,283.08887425510636,0.8630529350375555,0.10659383888648906,33.16062202245656,0.0753732263093427,1099.6268529162307,4.998846136514382,96779.0,33.16062202245656,0.0753732263093427
441,4410,283.7195378174546,0.9726687202464269,0.10694020370030062,33.206095622116784,0.0756181432179533,1102.6447864651634,5.021966588924557,96417.0,33.206095622116784,0.0756181432179533
442,4420,284.3502013798028,0.839403184686757,0.10699635522490827,33.10115168338775,0.07565784834177733,1095.6862427666438,5.008723827999835,95708.0,33.10115168338775,0.07565784834177733
443,4430,284.9808649421511,0.838535698721291,0.10792383880978147,33.10272383486022,0.07631367827408038,1095.7903252870228,5.05238123345851,94079.0,33.10272383486022,0.07631367827408038
444,4440,285.6115285044993,0.901547987616097,0.108267984544029,33.02155779695259,0.07655702605648322,1090.4232793374806,5.056064521373933,93024.0,33.02155779695259,0.07655702605648322
445,4450,286.2421920668475,0.7221166892808645,0.10817821893815306,32.965437463522576,0.07649355218785103,1086.720067161418,5.0432868220226075,92862.0,32.965437463522576,0.07649355218785103
446,4460,286.8728556291958,0.7119379367939913,0.10957360150978702,33.05492509367887,0.07748023666660293,1092.6280729487207,5.122206838510141,91004.0,33.05492509367887,0.07748023666660293
447,4470,287.503519191544,0.9097483020375533,0.11027631004105459,33.1027367967733,0.07797712663425986,1095.791183436449,5.16251259828513,90108.0,33.1027367967733,0.07797712663425986
448,4480,288.1341827538922,0.9889396200360764,0.10993572358517417,32.94368459093403,0.07773629564172652,1085.2863544269444,5.1218400097772765,89798.0,32.94368459093403,0.07773629564172652
449,4490,288.7648463162405,1.0257372411451902,0.11094484055934409,32.980674845161396,0.07844984909717252,1087.7249132422617,5.1746579294516515,88370.0,32.980674845161396,0.07844984909717252
450,4500,289.3955098785887,0.8953762218686036,0.11150723607238337,33.07463269664935,0.07884752277815148,1093.9313280182664,5.215705709856106,87980.0,33.07463269664935,0.07884752277815148
451,4510,290.02617344093693,1.063748887630454,0.11235906001548314,33.05094797233687,0.07944985326469439,1092.3651618701185,5.251785933322426,86527.0,33.05094797233687,0.07944985326469439
452,4520,290.65683700328515,1.0467185969494797,0.11304791332003603,33.10509269017335,0.07993694610758652,1095.9471620249692,5.292640020522087,85756.0,33.10509269017335,0.07993694610758652
453,4530,291.2875005656334,0.990711006501831,0.1128784394903756,33.06818147795805,0.07981711001339997,1093.504626259168,5.278813357938506,85822.0,33.06818147795805,0.07981711001339997
454,4540,291.91816412798164,1.0519061723676657,0.11402771206784441,32.994820430355475,0.0806297684463599,1088.658175231403,5.320729462457573,83728.0,32.994820430355475,0.0806297684463599
455,4550,292.54882769032986,0.9883509125598461,0.11448444076461808,33.04953841259,0.08095272440501106,1092.271989285262,5.3509003496544505,83337.0,33.04953841259,0.08095272440501106
456,4560,293.17949125267813,0.9071221771858751,0.11473100332476228,33.03296665695291,0.08112707046327575,1091.1768861593625,5.3597356271793135,82896.0,33.03296665695291,0.08112707046327575
457,4570,293.81015481502635,0.7847575057736765,0.11540809512651246,33.01498642839783,0.0816058466677791,1089.9893288672931,5.388431840429284,81837.0,33.01498642839783,0.0816058466677791
458,4580,294.44081837737457,0.8374110830302607,0.11612045442115124,33.071912707393714,0.08210956075565945,1093.7514101254696,5.4310404515072195,81115.0,33.071912707393714,0.08210956075565945
459,4590,295.07148193972284,1.2369870181646012,0.1164616733825391,32.995053460307275,0.08235083899712624,1088.6735528485353,5.434340670422675,80266.0,32.995053460307275,0.08235083899712624
460,4600,295.70214550207106,0.9540609137055888,0.11646010445463208,33.01720984269005,0.08234972959756401,1090.136145796229,5.4379166052231085,80376.0,33.01720984269005,0.08234972959756401
461,4610,296.3328090644193,0.98990593479657,0.11705362823524332,32.986077967643,0.08276941428762967,1088.0813396874228,5.460476706055794,79413.0,32.986077967643,0.08276941428762967
462,4620,296.96347262676755,0.8964978739853136,0.11878989949162401,33.09316895629173,0.08399714346699574,1095.1578315696706,5.559463321198332,77610.0,33.09316895629173,0.08399714346699574
463,4630,297.5941361891158,1.093829007791131,0.11878239212370635,33.072738240945625,0.08399183495623232,1093.806014754107,5.5556799437683555,77524.0,33.072738240945625,0.08399183495623232
464,4640,298.224799751464,1.0326195733117336,0.11940414410604563,33.034834836970525,0.08443147999916059,1091.3003127059212,5.578359993626501,76543.0,33.034834836970525,0.08443147999916059
465,4650,298.85546331381227,0.7141022435686591,0.119973378583887,33.07328999621053,0.08483398955852742,1093.8425111734393,5.611478276409346,75995.0,33.07328999621053,0.08483398955852742
466,4660,299.4861268761605,0.9853359293734788,0.12133393880564933,33.22556615034715,0.08579605091754824,1103.9382460110942,5.701244730399103,74986.0,33.22556615034715,0.08579605091754824
467,4670,300.1167904385087,0.9273137273325217,0.12090000456564418,32.99950066375363,0.08548921307385154,1088.967044057076,5.642202687148679,74501.0,32.99950066375363,0.08548921307385154
468,4680,300.747454000857,0.8968068683476408,0.12151974512440315,33.02252958534987,0.08592743582552637,1090.4874602153075,5.675082583483394,73846.0,33.02252958534987,0.08592743582552637
469,4690,301.3781175632052,0.9056471654332485,0.12218652035936851,32.975196832744004,0.08639891711569762,1087.3636061582101,5.698042596052128,72833.0,32.975196832744004,0.08639891711569762
470,4700,302.0087811255534,0.9990018611704652,0.1226755079785668,33.03936354561752,0.086744683577149,1091.59954349948,5.731978272709967,72535.0,33.03936354561752,0.086744683577149
471,4710,302.63944468790163,1.128601426803323,0.12315913353551758,33.02617284524559,0.08708665848802401,1090.7280928040375,5.752278071480711,71909.0,33.02617284524559,0.08708665848802401
472,4720,303.2701082502499,1.0549274933412287,0.12398391094042749,33.02699607595123,0.08766986418400526,1090.7824698008978,5.790944520768638,70959.0,33.02699607595123,0.08766986418400526
473,4730,303.9007718125981,0.990726166673752,0.12415160985133439,32.96944120224966,0.08778844522110511,1086.9840531885977,5.788671965908281,70521.0,32.96944120224966,0.08778844522110511
474,4740,304.53143537494634,0.7819714581655016,0.12515495116213654,32.997263678511,0.08849791466581791,1088.8194102691812,5.840378050452719,69512.0,32.997263678511,0.08849791466581791
475,4750,305.1620989372946,1.0111144879086476,0.1256102679032413,33.018780031806585,0.08881987222104086,1090.2398347888295,5.865447646639434,69099.0,33.018780031806585,0.08881987222104086
476,4760,305.79276249964283,1.082825570587625,0.12699735942403806,33.06348875011946,0.08980069404152262,1093.1942883292763,5.9382484743896065,67781.0,33.06348875011946,0.08980069404152262
477,4770,306.42342606199105,0.9544635593094938,0.12709125795922943,33.044460280060925,0.0898670903324999,1091.936355200524,5.93921899395388,67603.0,33.044460280060925,0.0898670903324999
478,4780,307.0540896243393,1.0080075407334241,0.12800176163284957,33.092107068372655,0.090510913654412,1095.0875502246392,5.9903936910160684,66837.0,33.092107068372655,0.090510913654412
479,4790,307.68475318668754,1.1041099214413586,0.12894837681408527,33.111874303283074,0.09118027166823787,1096.3962198764182,6.0382993888357905,65938.0,33.111874303283074,0.09118027166823787
480,4800,308.31541674903576,1.1194779207785672,0.12872608071414823,33.06206029833029,0.09102308458854107,1093.099831170428,6.018821422412727,65967.0,33.06206029833029,0.09102308458854107
481,4810,308.94608031138404,1.1459471913736705,0.13004188867758176,33.180564411468836,0.09195350132222417,1100.9498546636326,6.102138146964289,65103.0,33.180564411468836,0.09195350132222417
482,4820,309.57674387373225,1.036937049017171,0.13032230605290263,33.04743451112166,0.09215178634987611,1092.132927766875,6.090760248960811,64304.0,33.04743451112166,0.09215178634987611
483,4830,310.2074074360805,0.869541224337088,0.13057560845664795,33.0717368452849,0.09233089819725526,1093.739777963775,6.107086335736833,64149.0,33.0717368452849,0.09233089819725526
484,4840,310.83807099842875,0.9171296809876198,0.13178246960297393,33.10364094948261,0.09318427789777295,1095.8510441122617,6.169477755329367,63101.0,33.10364094948261,0.09318427789777295
485,4850,311.46873456077697,1.127537730666067,0.13283322169957312,33.04478362788482,0.0939272718306242,1091.9577250137245,6.207612748800994,61886.0,33.04478362788482,0.0939272718306242
486,4860,312.0993981231252,1.0345099566678073,0.133528924981516,33.14558033959618,0.09441920833897974,1098.6294960486248,6.259158911201446,61617.0,33.14558033959618,0.09441920833897974
487,4870,312.7300616854734,1.0778530926155272,0.1335556510077549,33.086239322643024,0.09443810649336745,1094.6992325152096,6.249203585233608,61372.0,33.086239322643024,0.09443810649336745
488,4880,313.3607252478217,1.1064013069953995,0.1337075725937084,32.91406832906778,0.09454553127700378,1083.3358939705427,6.223756153318635,60597.0,32.91406832906778,0.09454553127700378
489,4890,313.9913888101699,0.9929416482855414,0.13524560175474146,33.08517664278465,0.09563308212643293,1094.6289134842632,6.3280748300939305,59844.0,33.08517664278465,0.09563308212643293
490,4900,314.6220523725181,1.0782948490230952,0.1361110225974717,33.09345754199126,0.09624502707290765,1095.1769320835785,6.3701614341301385,59115.0,33.09345754199126,0.09624502707290765
491,4910,315.2527159348664,1.0233296619503491,0.13600149258968725,33.038846821590816,0.09616757766165983,1091.5653993005417,6.354531735134037,59015.0,33.038846821590816,0.09616757766165983
492,4920,315.8833794972146,1.3256908869738013,0.13740548360922186,33.196152482826676,0.0971603492322978,1101.9845396630797,6.4506995368001,58367.0,33.196152482826676,0.0971603492322978
493,4930,316.5140430595628,0.8756815703380617,0.1372299808748394,32.98404736021114,0.09703625005869917,1087.9473802606517,6.401296535186849,57771.0,32.98404736021114,0.09703625005869917
494,4940,317.1447066219111,0.6034987266180752,0.1382241293453086,32.98173709874372,0.09773921918367416,1087.7949820506478,6.4472184627048605,56935.0,32.98173709874372,0.09773921918367416
495,4950,317.7753701842593,0.8305750350631104,0.13899329112297373,32.98770855728697,0.09828309869249069,1088.188915860504,6.48426843154991,56327.0,32.98770855728697,0.09828309869249069
496,4960,318.40603374660753,1.053574468085108,0.13914725786217766,33.04564280657548,0.09839196961785895,1092.0145084997737,6.502851766054388,56400.0,33.04564280657548,0.09839196961785895
497,4970,319.0366973089558,0.9556814108538196,0.1402274974056285,33.123385279803564,0.09915581432433894,1097.1586523943074,6.568752481195486,55796.0,33.123385279803564,0.09915581432433894
498,4980,319.667360871304,0.9652365884171027,0.14202771127037098,33.112870722778624,0.10042875775568434,1096.4622075034495,6.650968944826453,54356.0,33.112870722778624,0.10042875775568434
499,4990,320.29802443365224,1.079788328678519,0.14196871999203606,33.119814498800935,0.10038704462274287,1096.9221124349847,6.649600591976191,54424.0,33.119814498800935,0.10038704462274287
500,5000,320.9286879960005,1.0854741628309958,0.14316802909615356,33.16526870824106,0.1012350842230031,1099.9350484898334,6.714977541914626,53663.0,33.16526870824106,0.1012350842230031
501,5010,321.55935155834874,0.6345187221144956,0.14400099681067352,33.18871545470835,0.10182408134244966,1101.490833533597,6.758820924223279,53119.0,33.18871545470835,0.10182408134244966
502,5020,322.19001512069696,0.911659218193134,0.14404747966807882,33.17191717553895,0.10185694968612986,1100.376089100816,6.7575805974826775,53031.0,33.17191717553895,0.10185694968612986
503,5030,322.8206786830452,1.1757872315928894,0.1450458335301512,33.11145732331775,0.10256289247202502,1096.3686060738928,6.792013674086969,52113.0,33.11145732331775,0.10256289247202502
504,5040,323.45134224539345,1.1650550985565682,0.1462120092137057,33.194956533259486,0.10338750320592127,1101.905139244987,6.863887350005565,51544.0,33.194956533259486,0.10338750320592127
505,5050,324.08200580774167,1.0258923876847592,0.1462592245965924,33.14345045092708,0.10342088952333679,1098.488307793058,6.8554502550150325,51351.0,33.14345045092708,0.10342088952333679
506,5060,324.7126693700899,1.11239136419049,0.14698774219459368,33.14826161122488,0.10393602925709723,1098.8072478462054,6.890597377292364,50858.0,33.14826161122488,0.10393602925709723
507,5070,325.34333293243816,1.1805997174522944,0.14743698149584217,33.05253023828894,0.1042536894133855,1092.4697551530044,6.891696443578215,50257.0,33.05253023828894,0.1042536894133855
508,5080,325.9739964947864,0.9347391251958018,0.14865984233412097,33.172803437505664,0.10511838260457992,1100.4348879033873,6.974142887620489,49794.0,33.172803437505664,0.10511838260457992
509,5090,326.6046600571346,1.0574949667500446,0.14957345500648694,33.167892569122735,0.10576440432058787,1100.1090974768672,7.0159648002850385,49173.0,33.167892569122735,0.10576440432058787
510,5100,327.23532361948287,1.1095057660626073,0.14982875205082924,33.01676368059484,0.1059449265918592,1090.1066839402467,6.9959172088827675,48560.0,33.01676368059484,0.1059449265918592
511,5110,327.8659871818311,0.7811137612776115,0.15016367046975515,32.97281005759573,0.10618174967702596,1087.2062030942861,7.002221327367508,48215.0,32.97281005759573,0.10618174967702596
512,5120,328.4966507441793,1.0729811320754667,0.15160563441681,33.11117035165396,0.107201372162215,1096.3496020562484,7.099125791188311,47700.0,33.11117035165396,0.107201372162215
513,5130,329.1273143065276,1.071011956223769,0.15220347969770512,33.145081675618044,0.1076241126144363,1098.5964392833912,7.134420005742811,47423.0,33.145081675618044,0.1076241126144363
514,5140,329.7579778688758,1.0866706515242064,0.15353326784246993,33.22993408479851,0.10856441482914098,1104.2285192800534,7.215176697454153,46844.0,33.22993408479851,0.10856441482914098
515,5150,330.388641431224,1.008228709726213,0.15394524135026064,33.1168382914729,0.108855724090169,1096.724978423566,7.209914823590637,46277.0,33.1168382914729,0.108855724090169
516,5160,331.0193049935723,0.8127628340745214,0.15261455505481858,32.84653829931225,0.10791478678702991,1078.8950782481866,7.089254354524587,46322.0,32.84653829931225,0.10791478678702991
517,5170,331.6499685559205,0.9266449311831276,0.15453409376506166,33.03597746687219,0.10927210562579286,1091.375807191687,7.219821638422742,45701.0,33.03597746687219,0.10927210562579286
518,5180,332.2806321182687,0.9496729272457131,0.15506368676438745,32.92940863935793,0.10964658442688506,1084.3459533378207,7.221194369005515,45097.0,32.92940863935793,0.10964658442688506
519,5190,332.911295680617,0.8673454350592781,0.15679002961029115,33.181378801713045,0.11086729315987645,1101.003899182772,7.357459302116861,44787.0,33.181378801713045,0.11086729315987645
520,5200,333.5419592429652,1.0362754345775493,0.1569318422235817,33.11447803899034,0.11096756982039196,1096.5686557947733,7.349266307714994,44526.0,33.11447803899034,0.11096756982039196
521,5210,334.17262280531344,1.0750085798613527,0.158786519013738,33.196257678030534,0.11227902435562079,1101.9915238262015,7.454486848694109,43707.0,33.196257678030534,0.11227902435562079
522,5220,334.80328636766166,0.9065705496120141,0.15844694722490515,33.06875476076655,0.11203891084103744,1093.5425414277204,7.409974532531312,43558.0,33.06875476076655,0.11203891084103744
523,5230,335.43394993000993,0.981424061732724,0.15962107251077515,33.00915923728664,0.11286914279263872,1089.6045935525458,7.45143101483651,42765.0,33.00915923728664,0.11286914279263872
524,5240,336.06461349235815,1.106032253514501,0.1604446285253468,33.09129136430479,0.11345148483522931,1095.0335641573126,7.508512280791157,42538.0,33.09129136430479,0.11345148483522931
525,5250,336.69527705470637,1.0274422777279362,0.16117314260672685,33.171139980772075,0.11396662208236302,1100.3245276239757,7.560805548459628,42358.0,33.171139980772075,0.11396662208236302
526,5260,337.32594061705464,1.0662099575453499,0.1626919416250278,33.12529388861588,0.11504057516746309,1097.2850952071726,7.621505723075241,41456.0,33.12529388861588,0.11504057516746309
527,5270,337.95660417940286,1.208168732799141,0.16323279970124355,33.07589567491043,0.11542301958081476,1094.0148746975583,7.635439508276345,41059.0,33.07589567491043,0.11542301958081476
528,5280,338.5872677417511,1.0904560644780763,0.1640676409051979,33.09777473606417,0.1160133414573448,1095.4626924792476,7.6795668838665865,40696.0,33.09777473606417,0.1160133414573448
529,5290,339.21793130409935,1.0307466627548818,0.1637883374694339,33.12495117612899,0.11581584410390738,1097.2623904209295,7.672788362728198,40902.0,33.12495117612899,0.11581584410390738
530,5300,339.84859486644757,1.3099041212790568,0.16505523172750497,32.94578501964335,0.11671167362483574,1085.4247505605563,7.690315417053234,39842.0,32.94578501964335,0.11671167362483574
531,5310,340.4792584287958,1.2800497424053996,0.16695815296003924,33.14150877319464,0.11805724213242459,1098.3596037637371,7.8251902517418275,39403.0,33.14150877319464,0.11805724213242459
532,5320,341.10992199114406,0.8108847674065028,0.16672360245140494,33.12223586142877,0.11789138987723856,1097.0825084601179,7.8096528430911025,39468.0,33.12223586142877,0.11789138987723856
533,5330,341.7405855534923,0.9261384008605281,0.1671040524910655,33.01986225227242,0.11816040868018518,1090.311303159045,7.803280836583858,39046.0,33.01986225227242,0.11816040868018518
534,5340,342.3712491158405,0.8721389026070264,0.16826889769443804,33.0051625501671,0.11898407862252254,1089.340754962953,7.854177711636439,38473.0,33.0051625501671,0.11898407862252254
535,5350,343.0019126781888,0.9031031240204802,0.169286115661069,33.12302510907906,0.1197033603446721,1097.1347923766818,7.929874820675424,38284.0,33.12302510907906,0.1197033603446721
536,5360,343.632576240537,0.7902497534451047,0.17005223005427514,32.93793614401627,0.12024508502727277,1084.9076374272936,7.921249864520235,37517.0,32.93793614401627,0.12024508502727277
537,5370,344.2632398028852,1.0270551508844952,0.1709575938122778,33.096524766229116,0.12088527387999698,1095.3799516016174,8.00176492168342,37479.0,33.096524766229116,0.12088527387999698
538,5380,344.8939033652334,1.048147645542134,0.1725897545476894,33.12869217529833,0.12203938580399297,1097.510245245673,8.086010491125913,36845.0,33.12869217529833,0.12203938580399297
539,5390,345.5245669275817,1.1894696680656283,0.17277971404962292,33.09712568891636,0.12217370745596098,1095.4197288679268,8.087197103101675,36694.0,33.09712568891636,0.12217370745596098
540,5400,346.1552304899299,0.8526734643123578,0.17350826228176733,33.00718227915729,0.12268886885133172,1089.4740820095153,8.09922771559906,36189.0,33.00718227915729,0.12268886885133172
541,5410,346.78589405227814,0.9254947613504034,0.1743432072054084,33.115114276658375,0.12327926406875563,1096.610793556143,8.164813835158373,36078.0,33.115114276658375,0.12327926406875563
542,5420,347.4165576146264,0.4895719844357959,0.1738283643186429,32.97245035929511,0.1229152151722781,1087.1824826961804,8.105631661340034,35980.0,32.97245035929511,0.1229152151722781
543,5430,348.04722117697463,1.2026979338607777,0.17664357314749174,33.11207219531721,0.12490586842561333,1096.4093250678993,8.271784265855402,35138.0,33.11207219531721,0.12490586842561333
544,5440,348.67788473932285,0.7527609996278583,0.17721039182344303,33.12128119379793,0.1253066697550817,1097.0192679186325,8.30063488883287,34933.0,33.12128119379793,0.1253066697550817
545,5450,349.3085483016711,0.9172580089562536,0.17662390067096115,32.965799485415566,0.12489195788405583,1086.7439357126252,8.2343264818935,34836.0,32.965799485415566,0.12489195788405583
546,5460,349.93921186401934,1.1265241765942515,0.1778370151359213,32.91090067688275,0.12574975934858465,1083.1273833636412,8.277075680126353,34248.0,32.91090067688275,0.12574975934858465
547,5470,350.56987542636756,0.854421847093389,0.1776362823093074,33.096647537006135,0.12560781980567917,1095.388078188814,8.314395480000684,34714.0,33.096647537006135,0.12560781980567917
548,5480,351.20053898871583,1.005503163423658,0.18078485476869752,33.09301209802408,0.12783419674277116,1095.1474497199683,8.460837238699433,33508.0,33.09301209802408,0.12783419674277116
549,5490,351.83120255106405,0.9623056139297503,0.18037944323505975,32.92110155169522,0.12754752749816467,1083.7989273770297,8.398010210869437,33310.0,32.92110155169522,0.12754752749816467
550,5500,352.46186611341227,0.917538461538456,0.1815568661809932,33.056315448714194,0.12838009124755886,1092.7199910449008,8.487545587228036,33150.0,33.056315448714194,0.12838009124755886
551,5510,353.09252967576055,0.8563106796116556,0.183103388528312,33.03380000523132,0.12947364768660452,1091.2319427856207,8.55401316725415,32548.0,33.03380000523132,0.12947364768660452
552,5520,353.72319323810876,1.0959397289035777,0.18315962787027834,32.96211825539272,0.1295134149066784,1086.501239882494,8.53807299562735,32387.0,32.96211825539272,0.1295134149066784
553,5530,354.353856800457,1.1497470489038835,0.1845697159979441,33.02818211157518,0.1305104977838215,1090.8608135953743,8.62104897655277,32022.0,33.02818211157518,0.1305104977838215
554,5540,354.98452036280526,0.7055114652278982,0.18565348696945116,33.147856912343876,0.13127683958702727,1098.780417881224,8.703091789071001,31879.0,33.147856912343876,0.13127683958702727
555,5550,355.6151839251535,0.9969743573647999,0.18481067165117898,32.98805778719945,0.13068087916018908,1088.2119565716102,8.621816786836693,31861.0,32.98805778719945,0.13068087916018908
556,5560,356.2458474875017,1.138025365227167,0.18792942259744982,33.16568312359057,0.1328861691031292,1099.9625370544204,8.81452115196451,31145.0,33.16568312359057,0.1328861691031292
557,5570,356.8765110498499,0.8625667583751372,0.18877963308787443,33.18174621981707,0.13348735870634437,1101.0282821963444,8.858687320295216,30895.0,33.18174621981707,0.13348735870634437
558,5580,357.5071746121982,1.0760421438387535,0.1897848467339519,33.1781693192812,0.13419815209202698,1100.7909193788926,8.904898024887846,30562.0,33.1781693192812,0.13419815209202698
559,5590,358.1378381745464,0.8318534779332314,0.19039140229109122,33.26187384426232,0.13462705163964656,1106.3522516316218,8.955896015325825,30521.0,33.26187384426232,0.13462705163964656
560,5600,358.7685017368946,1.0762000200420896,0.1919039313912003,33.20381691932874,0.13569657122307568,1102.4934580123013,9.011288214943315,29937.0,33.20381691932874,0.13569657122307568
561,5610,359.3991652992429,0.8096936691627007,0.19236923959300925,32.97323243414256,0.13602559380791654,1087.2340571559907,8.970407043241389,29380.0,32.97323243414256,0.13602559380791654
562,5620,360.0298288615911,0.6965427977792135,0.1924200405039245,32.97015062267612,0.13606151547651518,1087.0308320819504,8.971937318420567,29359.0,32.97015062267612,0.13606151547651518
563,5630,360.66049242393933,0.5516079423122979,0.19340975702336277,33.08437702974683,0.1367613507388623,1094.57600344644,9.049328181883933,29261.0,33.08437702974683,0.1367613507388623
564,5640,361.2911559862876,0.8851022395326217,0.19458970627048028,32.997732683968344,0.13759570085295506,1088.850362282633,9.080692310418174,28756.0,32.997732683968344,0.13759570085295506
565,5650,361.9218195486358,0.8276918741854807,0.19641787593239293,33.09568353363693,0.13888841201805302,1095.3242685586465,9.193213861277716,28391.0,33.09568353363693,0.13888841201805302
566,5660,362.55248311098404,1.180365168539326,0.19586482511804404,33.05418409798533,0.13849734603688618,1092.5790863835061,9.15583354597123,28480.0,33.05418409798533,0.13849734603688618
567,5670,363.1831466733323,0.25386586928662513,0.19738448037767384,33.08295792210311,0.1395719045760362,1094.482104875645,9.234902892393592,28092.0,33.08295792210311,0.1395719045760362
568,5680,363.81381023568053,0.7370347816742528,0.1979503781350296,33.07430362794534,0.13997205471772073,1093.9095604735182,9.258956474322547,27917.0,33.07430362794534,0.13997205471772073
569,5690,364.44447379802875,0.6399574608529864,0.20023849503402863,33.06603936806845,0.14158999769315048,1093.3629594906529,9.36364087569287,27269.0,33.06603936806845,0.14158999769315048
570,5700,365.075137360377,0.34490498944327663,0.20030043748996287,32.91089183216292,0.14163379762378492,1083.126801188328,9.322589186749678,26997.0,32.91089183216292,0.14163379762378492
571,5710,365.70580092272525,0.707843945583333,0.2016637390956775,32.94163443730742,0.14259779743398823,1085.1512794011985,9.394809029271311,26683.0,32.94163443730742,0.14259779743398823
572,5720,366.33646448507346,0.7693364186011834,0.20122834340926507,32.93881177043288,0.14228992619162664,1084.9653208480074,9.373722191309552,26794.0,32.93881177043288,0.14228992619162664
573,5730,366.9671280474217,0.869380274160906,0.20306162971684805,32.86149559678282,0.14358625537157502,1079.8778928573765,9.436918197303092,26189.0,32.86149559678282,0.14358625537157502
574,5740,367.59779160976996,0.7283682520263033,0.2035666465269311,32.92246060439493,0.14394335618259793,1083.8884122479358,9.477938946371934,26156.0,32.92246060439493,0.14394335618259793
575,5750,368.2284551721182,0.6632590051457959,0.20461850383758456,33.14251328697801,0.14468713161980165,1098.4261869775137,9.590590364328023,26235.0,33.14251328697801,0.14468713161980165
576,5760,368.8591187344664,0.8890201258839049,0.20717672178578367,33.23750036414336,0.14649606487872638,1104.7314304564297,9.738326019504473,25738.0,33.23750036414336,0.14649606487872638
577,5770,369.48978229681467,0.9153461812990723,0.20764780111830516,32.974836945178374,0.14682916826922918,1087.3398715611006,9.68333576494798,25218.0,32.974836945178374,0.14682916826922918
578,5780,370.1204458591629,0.38197028243636344,0.20819468833513552,32.986212940923586,0.14721587592879412,1088.0902441839548,9.712188463343582,25103.0,32.986212940923586,0.14721587592879412
579,5790,370.7511094215111,0.8562711864406773,0.21017263721587678,33.0846713391772,0.14861449699520662,1094.5954776213732,9.833723578647097,24780.0,33.0846713391772,0.14861449699520662
580,5800,371.3817729838594,0.6678914709818696,0.2095293205860212,32.90144122556722,0.14815960344378565,1082.5048347194538,9.74932896941812,24657.0,32.90144122556722,0.14815960344378565
581,5810,372.0124365462076,1.3441092771770056,0.21003336799681918,32.94110741159141,0.14851601878600046,1085.1165575020027,9.784564254343138,24598.0,32.94110741159141,0.14851601878600046
582,5820,372.6431001085558,1.304024536825967,0.2123060463269845,32.97721873120723,0.15012304504471605,1087.496955245885,9.901280986068953,24127.0,32.97721873120723,0.15012304504471605
583,5830,373.2737636709041,1.0658883034773468,0.21441331786437598,33.025915681041994,0.15161311103860695,1090.7111065712954,10.014323642602982,23725.0,33.025915681041994,0.15161311103860695
584,5840,373.9044272332523,0.8317430726209661,0.21431069231765276,32.92442827459778,0.151540543818596,1084.017977209134,9.978771531297813,23602.0,32.92442827459778,0.151540543818596
585,5850,374.5350907956005,0.7031444367657232,0.21813208846831209,33.19050148564442,0.15424267895032737,1101.6093888685643,10.23878372970123,23152.0,33.19050148564442,0.15424267895032737
586,5860,375.1657543579488,1.0961748633879809,0.2169415988714104,32.942279983403424,0.15340087568342617,1085.1938105049417,10.106749192925372,23058.0,32.942279983403424,0.15340087568342617
587,5870,375.796417920297,0.7486119519155957,0.2173612037397914,33.054629312732395,0.1536975811312772,1092.6085190021477,10.160833141115962,23126.0,33.054629312732395,0.1536975811312772
588,5880,376.42708148264524,0.8114283216018892,0.21871752171663725,33.078449253828566,0.15465664277015018,1094.1838050381116,10.231603819279812,22873.0,33.078449253828566,0.15465664277015018
589,5890,377.05774504499345,0.6885583218278236,0.22175460770569602,33.22843143886107,0.15680418686806025,1104.128655887091,10.4207143453434,22453.0,33.22843143886107,0.15680418686806025
590,5900,377.6884086073417,1.157459578089311,0.22116521587872084,33.04699766939029,0.1563874239104302,1092.1040549606869,10.336269666979874,22327.0,33.04699766939029,0.1563874239104302
591,5910,378.31907216968995,0.9073659183393484,0.22391872592215487,33.1149981148818,0.15833444953420767,1096.6031001486251,10.486489995692269,21871.0,33.1149981148818,0.15833444953420767
592,5920,378.94973573203816,0.86645546030563,0.22654963907696596,33.19087520937274,0.16019478606668752,1101.6341971641539,10.634010307063175,21464.0,33.19087520937274,0.16019478606668752
593,5930,379.58039929438644,0.7943630632301113,0.2252426347637531,33.08230830344867,0.15927059445377462,1094.4391226844286,10.538077818786626,21572.0,33.08230830344867,0.15927059445377462
594,5940,380.21106285673466,0.6962105656150787,0.22624668652104224,33.11868209077764,0.15998056626001605,1096.8471034299953,10.596691029336116,21428.0,33.11868209077764,0.15998056626001605
595,5950,380.8417264190829,0.723407696332583,0.2302428893996049,33.38363104318329,0.16280630841444488,1114.4668216273915,10.870131463221073,21023.0,33.38363104318329,0.16280630841444488
596,5960,381.47238998143115,1.0220752652362162,0.22867615199657104,33.153310471180454,0.16169845777242106,1099.1419951984835,10.721678346480275,21019.0,33.153310471180454,0.16169845777242106
597,5970,382.10305354377937,0.7390261592766301,0.22913317912473508,32.95139066712486,0.16202162475393203,1085.7941468974836,10.677675707578247,20681.0,32.95139066712486,0.16202162475393203
598,5980,382.7337171061276,0.721078744412246,0.2325960324329967,33.18632719174884,0.1644702318104581,1101.332312477808,10.916325852329281,20357.0,33.18632719174884,0.1644702318104581
599,5990,383.36438066847586,0.6053436247587948,0.23162182368242207,32.92860843281842,0.16378136219663555,1084.2932533218807,10.786184688733243,20211.0,32.92860843281842,0.16378136219663555
600,6000,383.9950442308241,0.7685088424437311,0.23507984371407883,33.165425600349735,0.16622655161049893,1099.9454552523332,11.025948660481394,19904.0,33.165425600349735,0.16622655161049893
601,6010,384.6257077931723,0.931403791851549,0.236669264154746,33.32921749292843,0.1673504415822512,1110.8367386909265,11.155318530064928,19832.0,33.32921749292843,0.1673504415822512
602,6020,385.25637135552057,0.6416160171612423,0.23739129588913468,33.21697230570906,0.1678609951178693,1103.3672491582424,11.151668052078055,19579.0,33.21697230570906,0.1678609951178693
603,6030,385.8870349178688,0.8190745792372244,0.2352554113970756,32.79176901032236,0.16635069670970318,1075.3001148263381,10.909867242421557,19429.0,32.79176901032236,0.16635069670970318
604,6040,386.517698480217,1.055497382198954,0.239019372415131,33.03313447803146,0.1690122190696919,1091.1879734437105,11.166006721919292,19100.0,33.03313447803146,0.1690122190696919
605,6050,387.1483620425653,1.1987961985216493,0.23882005096774842,32.867053672878356,0.16887127752261177,1080.2432171358666,11.100602684286436,18940.0,32.867053672878356,0.16887127752261177
606,6060,387.7790256049135,1.6538090646094485,0.24301657842438748,33.2017926206534,0.1718386705446368,1102.3590332248746,11.410703807263626,18666.0,33.2017926206534,0.1718386705446368
607,6070,388.4096891672617,1.1792904157970783,0.2429783025361005,33.21523171664817,0.17181160540447318,1103.2516179906304,11.413524570237794,18687.0,33.21523171664817,0.17181160540447318
608,6080,389.04035272960994,1.1260506026713029,0.24215574158251255,32.86366576927465,0.17122996697625184,1080.0205277945938,11.25448880878295,18418.0,32.86366576927465,0.17122996697625184
609,6090,389.6710162919582,0.9689111196614082,0.24519608469130275,33.07239838918482,0.1733798142056112,1093.7835352129546,11.468172576101637,18193.0,33.07239838918482,0.1733798142056112
610,6100,390.3016798543064,1.269724670206361,0.24234388171082968,32.755893300012836,0.1713630021367982,1072.948545881826,11.22629642712567,18269.0,32.755893300012836,0.1713630021367982
611,6110,390.93234341665465,0.9292319449751589,0.24477875472422234,33.13024155547259,0.17308471735589626,1097.6129055239626,11.468676991123083,18319.0,33.13024155547259,0.17308471735589626
612,6120,391.5630069790029,0.8316014154917697,0.24674811979725866,32.92307929404319,0.1744772687536722,1083.9291502018555,11.488657908370469,17803.0,32.92307929404319,0.1744772687536722
613,6130,392.19367054135114,1.0898764312436264,0.24825370831164745,32.973849652528116,0.17554188060187315,1087.2747609075286,11.576583157376412,17642.0,32.973849652528116,0.17554188060187315
614,6140,392.82433410369936,1.1901947148817755,0.25146013898848524,33.03233066384915,0.17780916947686967,1091.134869085869,11.746902562448705,17256.0,33.03233066384915,0.17780916947686967
615,6150,393.45499766604763,1.1088233590174332,0.2517614521486882,33.07670280892502,0.17802223005570997,1094.0682687099484,11.776776793869596,17261.0,33.07670280892502,0.17802223005570997
616,6160,394.08566122839585,0.8622163192238875,0.2509521386204521,33.023814002662064,0.1774499589717882,1090.572291282419,11.720148879728693,17317.0,33.023814002662064,0.1774499589717882
617,6170,394.71632479074407,1.0429202511043976,0.2530017080415079,33.18472095609844,0.17889922340792933,1101.225704934119,11.873441616109698,17204.0,33.18472095609844,0.17889922340792933
618,6180,395.34698835309234,0.6886371598738783,0.2528950746533532,33.09545384329246,0.17882382221606424,1095.3090650935014,11.83651110846578,17126.0,33.09545384329246,0.17882382221606424
619,6190,395.97765191544056,0.765554359526368,0.25573281140730464,33.06972341620065,0.18083040511800555,1093.6066068240095,11.960022964983915,16722.0,33.06972341620065,0.18083040511800555
620,6200,396.6083154777888,0.2755377149361948,0.25469834826689,32.905410049831325,0.18009892921653087,1082.7660105475402,11.85245823081099,16691.0,32.905410049831325,0.18009892921653087
621,6210,397.23897904013705,0.6886262924667601,0.25902365285480944,33.01713449848529,0.18315738142134602,1090.1311704910675,12.094663793557903,16248.0,33.01713449848529,0.18315738142134602
622,6220,397.86964260248527,0.8271944922547332,0.25883319453621767,33.01315677659925,0.18302270705273638,1089.8685203563211,12.084314643219166,16268.0,33.01315677659925,0.18302270705273638
623,6230,398.5003061648335,1.454358782900877,0.2601731604838827,32.98252825652884,0.18397020606088937,1087.8471701927233,12.135605039525434,16071.0,32.98252825652884,0.18397020606088937
624,6240,399.1309697271817,1.0188763487535686,0.25945959160862364,32.94830350841773,0.18346563667035,1085.590704082812,12.08976296075957,16126.0,32.94830350841773,0.18346563667035
625,6250,399.76163328953,1.0139031339031381,0.2629197768582371,33.0432738867233,0.18591235712451334,1091.8579491530097,12.286305870783215,15795.0,33.0432738867233,0.18591235712451334
626,6260,400.3922968518782,1.4650038372985466,0.26589135806820535,33.24811691994247,0.18801358234892845,1105.4372787221644,12.50219513694881,15636.0,33.24811691994247,0.18801358234892845
627,6270,401.0229604142264,1.1832800365463672,0.2688633252109227,33.28154403210521,0.1901150804690075,1107.6611731609578,12.654646843592994,15323.0,33.28154403210521,0.1901150804690075
628,6280,401.6536239765747,0.8035165988715406,0.26763979922387554,33.042406827652044,0.18924991694660848,1091.8006489640663,12.506545495698397,15242.0,33.042406827652044,0.18924991694660848
629,6290,402.2842875389229,1.0468569147874662,0.269424124621703,33.03385888398741,0.1905116255352557,1091.235832767194,12.586668307381379,15033.0,33.03385888398741,0.1905116255352557
630,6300,402.91495110127113,1.0006673785371052,0.2697398903381428,33.01863069328384,0.19073490561461645,1090.2299728594655,12.595610817614741,14984.0,33.01863069328384,0.19073490561461645
631,6310,403.5456146636194,0.9465919956290115,0.27153676575367525,32.85707068978697,0.19200548840588683,1079.5870943136583,12.617475810758592,14642.0,32.85707068978697,0.19200548840588683
632,6320,404.1762782259676,0.5820138983512729,0.27264865632057694,33.03214706294099,0.1927917137656804,1091.1227395877613,12.73664848324876,14678.0,33.03214706294099,0.1927917137656804
633,6330,404.80694178831584,0.9420238258250027,0.27311898384361794,33.0078727302785,0.19312428554660135,1089.519662178263,12.749243676896361,14606.0,33.0078727302785,0.19312428554660135
634,6340,405.4376053506641,1.1883531106385885,0.27274569922003683,32.93227847451324,0.1928603334579545,1084.5349655228881,12.702660416249682,14579.0,32.93227847451324,0.1928603334579545
635,6350,406.06826891301233,1.4234459267669635,0.27854254430293685,33.065710231618056,0.19695932192556095,1093.3411931213307,13.025199732413148,14092.0,33.065710231618056,0.19695932192556095
636,6360,406.69893247536055,1.463801444296427,0.2733569906560032,32.64642468063908,0.19329258177760758,1065.7890444286402,12.620623424657872,14263.0,32.64642468063908,0.19329258177760758
637,6370,407.3295960377088,1.1847693957811993,0.27930121307214884,33.029656510712925,0.19749578175694518,1090.9582092156807,13.046435667493249,13985.0,33.029656510712925,0.19749578175694518
638,6380,407.96025960005704,0.8853267926706098,0.2826873035230624,33.28275365150646,0.19989010927649725,1107.7416906268668,13.30578652884473,13862.0,33.28275365150646,0.19989010927649725
639,6390,408.59092316240526,1.2933835239611995,0.2811165912379597,33.040469036105115,0.19877944796840807,1091.6725941258208,13.135532391228509,13814.0,33.040469036105115,0.19877944796840807
640,6400,409.22158672475354,1.3381993006992956,0.2823302342308658,33.07965897672201,0.1996376231586315,1094.2638380162248,13.20788898602174,13728.0,33.07965897672201,0.1996376231586315
641,6410,409.85225028710175,1.2185166089710515,0.2857550095367208,33.29628357908093,0.2020593050014418,1108.6425001785742,13.455647838240026,13577.0,33.29628357908093,0.2020593050014418
642,6420,410.48291384945,1.0781102362204757,0.2876251685789983,33.214169391952225,0.20338170714213358,1103.181048397296,13.510308944486491,13335.0,33.214169391952225,0.20338170714213358
643,6430,411.1135774117982,0.9427918317586069,0.2900795872672092,33.231525620112265,0.2051172432404385,1104.334295040178,13.632717847742864,13124.0,33.231525620112265,0.2051172432404385
644,6440,411.74424097414646,0.799303557910677,0.2884219652917364,33.149710543666835,0.2039451275009379,1098.903309128896,13.521443886894636,13210.0,33.149710543666835,0.2039451275009379
645,6450,412.3749045364947,1.542639476721815,0.2912948526755842,33.20633557143572,0.2059765656516419,1102.6607220827975,13.679453917760565,12995.0,33.20633557143572,0.2059765656516419
646,6460,413.0055680988429,0.9765485362095498,0.28922699355606024,32.95157438337621,0.20451436844568804,1085.8062543431754,13.478140848614597,12980.0,32.95157438337621,0.20451436844568804
647,6470,413.6362316611912,1.2752876712328758,0.2918987709728591,32.99230973468777,0.20640360037492764,1088.4925016295736,13.61946302784866,12775.0,32.99230973468777,0.20640360037492764
648,6480,414.2668952235394,0.702772936143241,0.29684130942413356,33.34943085483716,0.20989850283009906,1112.1845383415648,13.999991213332462,12622.0,33.34943085483716,0.20989850283009906
649,6490,414.8975587858876,0.8436969506444499,0.2931738285452925,33.07021578395644,0.20730520223079857,1093.639171997442,13.711255541818474,12724.0,33.07021578395644,0.20730520223079857
650,6500,415.5282223482359,1.3710993759001424,0.29616959802673737,33.11011857544305,0.20942353114599987,1096.279952079899,13.868075897464093,12498.0,33.11011857544305,0.20942353114599987
651,6510,416.1588859105841,1.1163537588879098,0.29694546430607816,33.22208018770841,0.20997215145341577,1103.7066119985275,13.951423305542065,12517.0,33.22208018770841,0.20997215145341577
652,6520,416.7895494729323,1.100024685262897,0.301024462786068,33.185131197700926,0.21285643893906617,1101.252932608623,14.127337704936654,12153.0,33.185131197700926,0.21285643893906617
653,6530,417.4202130352806,1.511500330469266,0.3030977736243698,33.34626551192361,0.21432249109233698,1111.9734235917058,14.293709386283902,12104.0,33.34626551192361,0.21432249109233698
654,6540,418.0508765976288,0.7645554909936109,0.3023704137830509,33.18782179250656,0.21380817001617758,1101.4315153311736,14.191654888557693,12047.0,33.18782179250656,0.21380817001617758
655,6550,418.68154015997703,1.6744324772162416,0.2996602241193523,32.92173653569133,0.21189177652667462,1083.8407365254736,13.951690481781535,12070.0,32.92173653569133,0.21189177652667462
656,6560,419.3122037223253,1.1813827993254642,0.3013377714748681,32.81677630202023,0.21307798163752142,1076.9408068568364,13.985064916569028,11860.0,32.81677630202023,0.21307798163752142
657,6570,419.9428672846735,1.1728134878819807,0.3106074851821799,33.146345020008525,0.2196326590596195,1098.6801881854442,14.560039789704101,11388.0,33.146345020008525,0.2196326590596195
658,6580,420.57353084702174,0.6518918918918956,0.3056990739563937,33.002760067855235,0.21616188819701387,1089.18217209642,14.267877863961195,11655.0,33.002760067855235,0.21616188819701387
659,6590,421.20419440936996,1.0887528423998594,0.30947423641930183,33.09204406780551,0.21883133117461717,1095.0833805855818,14.483152109293945,11434.0,33.09204406780551,0.21883133117461717
660,6600,421.83485797171824,0.8997634276701957,0.3092055455593127,33.03293653484454,0.21864133804547595,1091.1748961150672,14.444730887099395,11413.0,33.03293653484454,0.21864133804547595
661,6610,422.46552153406645,0.8333156498673695,0.31159503241025116,33.13765924683353,0.2203309604013307,1098.1044603592516,14.602504574613736,11310.0,33.13765924683353,0.2203309604013307
662,6620,423.0961850964147,1.105142857142856,0.3155365957286392,33.13134255150712,0.22311806655223895,1097.6858592653061,14.784402184744382,11025.0,33.13134255150712,0.22311806655223895
663,6630,423.72684865876295,0.9223483799501491,0.3195808552418953,33.26251827900815,0.2259777898789406,1106.395122261351,15.033180732996248,10833.0,33.26251827900815,0.2259777898789406
664,6640,424.35751222111116,1.1337062937062947,0.3203250247735678,33.17336436128545,0.22650399720113862,1100.4721030466037,15.027799256881902,10725.0,33.17336436128545,0.22650399720113862
665,6650,424.9881757834594,1.641732283464563,0.3178172606134795,32.82607697064422,0.22473074015792355,1077.5513292826593,14.75405714818769,10668.0,32.82607697064422,0.22473074015792355
666,6660,425.61883934580766,0.8636372278733774,0.3253115041628765,33.36465583064753,0.23002997059156577,1113.200258697562,15.349741599043128,10519.0,33.36465583064753,0.23002997059156577
667,6670,426.2495029081559,1.696965636067769,0.3250121626922442,33.21967742039731,0.22981830420779129,1103.546967915255,15.26897986217113,10447.0,33.21967742039731,0.22981830420779129
668,6680,426.8801664705041,1.9546185526573872,0.3253019394947712,32.85066431679475,0.2300232073498887,1079.1661460547316,15.112830339447335,10198.0,32.85066431679475,0.2300232073498887
669,6690,427.51083003285237,1.3108753315649913,0.3267267334482555,32.96379677225125,0.23103068881619102,1086.6118976422822,15.231297348580283,10179.0,32.96379677225125,0.23103068881619102
670,6700,428.1414935952006,1.08481747515497,0.3285603126985732,33.12272553845739,0.23232722513793364,1097.1149470959774,15.390621826710348,10163.0,33.12272553845739,0.23232722513793364
671,6710,428.7721571575488,0.753585476550677,0.334313960721385,33.28900942148735,0.2363956686714244,1108.1581482638737,15.7387552832037,9915.0,33.28900942148735,0.2363956686714244
672,6720,429.4028207198971,0.9548557496952436,0.3330756448436887,33.046744284287016,0.23552004711705443,1092.0873077910564,15.566341541801055,9844.0,33.046744284287016,0.23552004711705443
673,6730,430.0334842822453,0.4157261794634602,0.3373185061321897,33.27164472762872,0.23852020310578737,1107.0023428815439,15.871918916195204,9729.0,33.27164472762872,0.23852020310578737
674,6740,430.6641478445935,0.6582476347182277,0.3380363991431365,33.333885700355694,0.23902783012199427,1111.1479358843776,15.935452736981189,9724.0,33.333885700355694,0.23902783012199427
675,6750,431.29481140694173,0.6997795275590585,0.33682087435039737,32.87240591769231,0.23816832429834803,1080.5950708175326,15.658331666143754,9525.0,32.87240591769231,0.23816832429834803
676,6760,431.92547496929,1.6254614894971395,0.3398475491467313,32.99497928302066,0.2403085065712822,1088.6686578869628,15.85794839170618,9426.0,32.99497928302066,0.2403085065712822
677,6770,432.5561385316382,0.7693069306930681,0.33458619918362703,32.946123865145005,0.23658817033417553,1085.4470777374772,15.589326329715544,9696.0,32.946123865145005,0.23658817033417553
678,6780,433.18680209398644,0.7492915414340923,0.34112014244021827,32.92472106039319,0.24120836591879935,1084.0372569046988,15.883436330619439,9316.0,32.92472106039319,0.24120836591879935
679,6790,433.8174656563347,1.1057392053407977,0.34103335984589045,32.86507188072866,0.24114700135786116,1080.1129497254612,15.850627066896553,9287.0,32.86507188072866,0.24114700135786116
680,6800,434.44812921868294,1.2796448679081895,0.3454397644835699,33.19818119818289,0.24426279995781616,1102.1192348673835,16.21816138595016,9236.0,33.19818119818289,0.24426279995781616
681,6810,435.07879278103115,1.2186457311089325,0.3449688680760076,33.03606031876074,0.2439298259147924,1091.3812813847978,16.116960884931775,9171.0,33.03606031876074,0.2439298259147924
682,6820,435.70945634337943,1.2525016530747162,0.349394401453983,33.28245314037518,0.24705915057672628,1107.72168704127,16.445469203941578,9074.0,33.28245314037518,0.24705915057672628
683,6830,436.34011990572765,0.9797822706065347,0.35072632617986965,33.27651755806797,0.24800096358243076,1107.3266207924062,16.505216838137066,9002.0,33.27651755806797,0.24800096358243076
684,6840,436.97078346807587,1.3671140939597353,0.35200705988779063,33.282821299958464,0.2489065790721959,1107.7461936849688,16.568626383287757,8940.0,33.282821299958464,0.2489065790721959
685,6850,437.60144703042414,1.9151316532941531,0.3468817645047026,32.63086355235842,0.24528244795123025,1064.7732561726334,16.007556181770102,8849.0,32.63086355235842,0.24528244795123025
686,6860,438.23211059277236,1.0116366968273964,0.3522509172520579,32.91426237518658,0.24907901226811158,1083.348667702623,16.396503923889885,8731.0,32.91426237518658,0.24907901226811158
687,6870,438.8627741551206,0.5171696149843914,0.35568518104777114,33.078721837442714,0.25150740348644385,1094.2018383989096,16.639086879971092,8649.0,33.078721837442714,0.25150740348644385
688,6880,439.49343771746885,1.2064141296769686,0.3542961362407039,32.86753144132849,0.2505252004839946,1080.2746230467167,16.46828980750563,8606.0,32.86753144132849,0.2505252004839946
689,6890,440.12410127981707,1.4861388437427403,0.35572491815708207,33.01541204748458,0.25153550186590234,1090.0174326651897,16.609096477347187,8614.0,33.01541204748458,0.25153550186590234
690,6900,440.7547648421653,0.713488592032154,0.359518620907783,33.0659421525417,0.25421805480672904,1093.3565304352342,16.811918988741958,8459.0,33.0659421525417,0.25421805480672904
691,6910,441.38542840451356,1.0349840444391885,0.36062872402517515,33.17196227305722,0.25500301624885335,1100.3790810451317,16.91790086904552,8461.0,33.17196227305722,0.25500301624885335
692,6920,442.0160919668618,0.1659955257270706,0.37265627873183615,33.42708125041251,0.2635077817430256,1117.3697609216797,17.616592060880166,8046.0,33.42708125041251,0.2635077817430256
693,6930,442.64675552921,1.0801761037055182,0.3668424696959551,33.17237814735894,0.2593967979492304,1100.406671951377,17.209617343571864,8177.0,33.17237814735894,0.2593967979492304
694,6940,443.2774190915582,1.425140291806961,0.3729583569417971,33.39799917489132,0.2637213832937376,1115.426348886041,17.61553308329089,8019.0,33.39799917489132,0.2637213832937376
695,6950,443.9080826539065,1.6621814986820684,0.3717232055327355,33.17928952798293,0.262847999356598,1100.865253581718,17.442219745007275,7967.0,33.17928952798293,0.262847999356598
696,6960,444.5387462162547,1.421863979848864,0.3685949222312835,32.84426891492343,0.26063596902066866,1078.746000555806,17.12079571083299,7940.0,32.84426891492343,0.26063596902066866
697,6970,445.1694097786029,0.8750896975909829,0.37169309101767706,32.835461067507296,0.2628267051787881,1078.1675035157875,17.26007209079863,7804.0,32.835461067507296,0.2628267051787881
698,6980,445.8000733409512,0.9492928773463651,0.37495490256108505,33.06838656343582,0.26513315424008443,1093.5181899088225,17.53505127038833,7778.0,33.06838656343582,0.26513315424008443
699,6990,446.4307369032994,0.8912758711029634,0.37757326566848437,32.98962007380052,0.2669846165489352,1088.3150326137027,17.615442130997376,7634.0,32.98962007380052,0.2669846165489352
